trial0016001, SHVR, 28.25, 6, 4.71, 0.17, 0.00000594, 0.00000058, ZIC, 945.75, 34, 27.82, 0.91, 0.00000854, 0.00000062
trial0016002, SHVR, 0.0, 6, 0.00, 0.00, 0.00000579, 0.00000056, ZIC, 1023.0, 34, 30.09, 0.88, 0.00000825, 0.00000056
trial0016003, SHVR, 0.0, 6, 0.00, 0.00, 0.00000570, 0.00000060, ZIC, 913.0, 34, 26.85, 0.82, 0.00000843, 0.00000059
trial0016004, SHVR, 0.0, 6, 0.00, 0.00, 0.00000744, 0.00000063, ZIC, 1178.0, 34, 34.65, 0.88, 0.00000826, 0.00000055
trial0016005, SHVR, 0.0, 6, 0.00, 0.00, 0.00000628, 0.00000057, ZIC, 712.0, 34, 20.94, 0.59, 0.00000828, 0.00000057
trial0016006, SHVR, 0.0, 6, 0.00, 0.00, 0.00000557, 0.00000053, ZIC, 757.0, 34, 22.26, 0.59, 0.00000820, 0.00000057
trial0016007, SHVR, 0.0, 6, 0.00, 0.00, 0.00000584, 0.00000055, ZIC, 982.0, 34, 28.88, 0.76, 0.00000836, 0.00000057
trial0016008, SHVR, 0.0, 6, 0.00, 0.00, 0.00000569, 0.00000054, ZIC, 688.0, 34, 20.24, 0.65, 0.00000832, 0.00000059
trial0016009, SHVR, 67.0, 6, 11.17, 0.50, 0.00000686, 0.00000066, ZIC, 566.0, 34, 16.65, 0.50, 0.00000822, 0.00000057
trial0016010, SHVR, 94.0, 6, 15.67, 0.33, 0.00000546, 0.00000055, ZIC, 762.0, 34, 22.41, 0.59, 0.00000816, 0.00000057
trial0016011, SHVR, 33.0, 6, 5.50, 0.33, 0.00000581, 0.00000056, ZIC, 996.0, 34, 29.29, 0.94, 0.00000839, 0.00000057
trial0016012, SHVR, 0.0, 6, 0.00, 0.00, 0.00000542, 0.00000054, ZIC, 1466.0, 34, 43.12, 1.24, 0.00000824, 0.00000057
trial0016013, SHVR, 0.0, 6, 0.00, 0.00, 0.00000574, 0.00000059, ZIC, 859.0, 34, 25.26, 0.82, 0.00000861, 0.00000058
trial0016014, SHVR, 0.0, 6, 0.00, 0.00, 0.00000565, 0.00000061, ZIC, 1035.0, 34, 30.44, 0.82, 0.00000839, 0.00000059
trial0016015, SHVR, 11.0, 6, 1.83, 0.17, 0.00000663, 0.00000066, ZIC, 1011.0, 34, 29.74, 0.79, 0.00000812, 0.00000054
trial0016016, SHVR, 26.0, 6, 4.33, 0.17, 0.00000562, 0.00000059, ZIC, 808.0, 34, 23.76, 0.79, 0.00000848, 0.00000059
trial0016017, SHVR, 0.0, 6, 0.00, 0.00, 0.00000583, 0.00000060, ZIC, 797.0, 34, 23.44, 0.71, 0.00000846, 0.00000057
trial0016018, SHVR, 0.0, 6, 0.00, 0.00, 0.00000586, 0.00000061, ZIC, 964.0, 34, 28.35, 0.76, 0.00000806, 0.00000054
trial0016019, SHVR, 0.0, 6, 0.00, 0.00, 0.00000586, 0.00000058, ZIC, 746.0, 34, 21.94, 0.71, 0.00000849, 0.00000057
trial0016020, SHVR, 0.0, 6, 0.00, 0.00, 0.00000566, 0.00000057, ZIC, 467.0, 34, 13.74, 0.35, 0.00000840, 0.00000059
trial0016021, SHVR, 0.0, 6, 0.00, 0.00, 0.00000595, 0.00000062, ZIC, 870.0, 34, 25.59, 0.71, 0.00000860, 0.00000063
trial0016022, SHVR, 0.0, 6, 0.00, 0.00, 0.00000586, 0.00000064, ZIC, 1011.0, 34, 29.74, 0.82, 0.00000857, 0.00000059
trial0016023, SHVR, 21.0, 6, 3.50, 0.33, 0.00000576, 0.00000059, ZIC, 938.0, 34, 27.59, 0.71, 0.00000840, 0.00000059
trial0016024, SHVR, 0.0, 6, 0.00, 0.00, 0.00000556, 0.00000062, ZIC, 918.0, 34, 27.00, 0.71, 0.00000838, 0.00000058
trial0016025, SHVR, 62.0, 6, 10.33, 0.50, 0.00000758, 0.00000076, ZIC, 917.0, 34, 26.97, 0.79, 0.00000821, 0.00000057
trial0016026, SHVR, 0.0, 6, 0.00, 0.00, 0.00000565, 0.00000051, ZIC, 879.0, 34, 25.85, 0.71, 0.00000818, 0.00000054
trial0016027, SHVR, 0.0, 6, 0.00, 0.00, 0.00000570, 0.00000055, ZIC, 987.0, 34, 29.03, 0.76, 0.00000811, 0.00000056
trial0016028, SHVR, 36.25, 6, 6.04, 0.17, 0.00000560, 0.00000055, ZIC, 1185.75, 34, 34.88, 1.03, 0.00000819, 0.00000056
trial0016029, SHVR, 77.0, 6, 12.83, 0.33, 0.00000580, 0.00000060, ZIC, 752.0, 34, 22.12, 0.71, 0.00000802, 0.00000054
trial0016030, SHVR, 0.0, 6, 0.00, 0.00, 0.00000636, 0.00000060, ZIC, 861.0, 34, 25.32, 0.82, 0.00000809, 0.00000055
trial0016031, SHVR, 0.0, 6, 0.00, 0.00, 0.00000572, 0.00000053, ZIC, 464.0, 34, 13.65, 0.47, 0.00000845, 0.00000058
trial0016032, SHVR, 10.5, 6, 1.75, 0.17, 0.00000554, 0.00000052, ZIC, 887.5, 34, 26.10, 0.74, 0.00000818, 0.00000054
trial0016033, SHVR, 0.0, 6, 0.00, 0.00, 0.00000666, 0.00000065, ZIC, 496.0, 34, 14.59, 0.53, 0.00000824, 0.00000056
trial0016034, SHVR, 9.5, 6, 1.58, 0.17, 0.00000565, 0.00000055, ZIC, 828.5, 34, 24.37, 0.85, 0.00000792, 0.00000055
trial0016035, SHVR, 29.0, 6, 4.83, 0.17, 0.00000589, 0.00000064, ZIC, 565.0, 34, 16.62, 0.50, 0.00000850, 0.00000059
trial0016036, SHVR, 0.0, 6, 0.00, 0.00, 0.00000586, 0.00000060, ZIC, 995.0, 34, 29.26, 1.00, 0.00000826, 0.00000055
trial0016037, SHVR, 0.0, 6, 0.00, 0.00, 0.00000638, 0.00000061, ZIC, 573.0, 34, 16.85, 0.59, 0.00000796, 0.00000054
trial0016038, SHVR, 0.0, 6, 0.00, 0.00, 0.00000565, 0.00000055, ZIC, 665.0, 34, 19.56, 0.65, 0.00000847, 0.00000057
trial0016039, SHVR, 3.5, 6, 0.58, 0.17, 0.00000573, 0.00000057, ZIC, 599.5, 34, 17.63, 0.62, 0.00000823, 0.00000055
trial0016040, SHVR, 0.0, 6, 0.00, 0.00, 0.00000565, 0.00000056, ZIC, 936.0, 34, 27.53, 0.76, 0.00000804, 0.00000055
trial0016041, SHVR, 0.0, 6, 0.00, 0.00, 0.00000546, 0.00000052, ZIC, 1098.0, 34, 32.29, 1.00, 0.00000846, 0.00000056
trial0016042, SHVR, 0.0, 6, 0.00, 0.00, 0.00000572, 0.00000060, ZIC, 1051.0, 34, 30.91, 0.82, 0.00000855, 0.00000059
trial0016043, SHVR, 55.0, 6, 9.17, 0.17, 0.00000557, 0.00000058, ZIC, 956.0, 34, 28.12, 0.85, 0.00000812, 0.00000055
trial0016044, SHVR, 5.5, 6, 0.92, 0.17, 0.00000581, 0.00000056, ZIC, 1287.5, 34, 37.87, 1.15, 0.00000842, 0.00000057
trial0016045, SHVR, 48.75, 6, 8.12, 0.17, 0.00000576, 0.00000063, ZIC, 589.25, 34, 17.33, 0.56, 0.00000844, 0.00000059
trial0016046, SHVR, 0.0, 6, 0.00, 0.00, 0.00000618, 0.00000066, ZIC, 1020.0, 34, 30.00, 0.88, 0.00000818, 0.00000054
trial0016047, SHVR, 0.0, 6, 0.00, 0.00, 0.00000743, 0.00000081, ZIC, 709.0, 34, 20.85, 0.59, 0.00000812, 0.00000055
trial0016048, SHVR, 33.5, 6, 5.58, 0.17, 0.00000547, 0.00000057, ZIC, 1119.5, 34, 32.93, 0.91, 0.00000813, 0.00000055
trial0016049, SHVR, 11.0, 6, 1.83, 0.17, 0.00000565, 0.00000057, ZIC, 845.0, 34, 24.85, 0.85, 0.00000848, 0.00000057
trial0016050, SHVR, 0.0, 6, 0.00, 0.00, 0.00000570, 0.00000059, ZIC, 848.0, 34, 24.94, 0.71, 0.00000851, 0.00000058
trial0016051, SHVR, 22.0, 6, 3.67, 0.17, 0.00000556, 0.00000052, ZIC, 347.0, 34, 10.21, 0.32, 0.00000844, 0.00000058
trial0016052, SHVR, 28.5, 6, 4.75, 0.50, 0.00000697, 0.00000087, ZIC, 726.5, 34, 21.37, 0.62, 0.00000827, 0.00000055
trial0016053, SHVR, 28.5, 6, 4.75, 0.17, 0.00000597, 0.00000053, ZIC, 868.5, 34, 25.54, 0.79, 0.00000848, 0.00000056
trial0016054, SHVR, 0.0, 6, 0.00, 0.00, 0.00000681, 0.00000070, ZIC, 689.0, 34, 20.26, 0.59, 0.00000804, 0.00000056
trial0016055, SHVR, 343.0, 6, 57.17, 1.67, 0.00000551, 0.00000056, ZIC, 1031.0, 34, 30.32, 0.88, 0.00000803, 0.00000052
trial0016056, SHVR, 0.0, 6, 0.00, 0.00, 0.00000549, 0.00000056, ZIC, 1315.0, 34, 38.68, 1.06, 0.00000811, 0.00000057
trial0016057, SHVR, 51.5, 6, 8.58, 0.17, 0.00000561, 0.00000058, ZIC, 898.5, 34, 26.43, 0.74, 0.00000842, 0.00000059
trial0016058, SHVR, 0.0, 6, 0.00, 0.00, 0.00000635, 0.00000063, ZIC, 1098.0, 34, 32.29, 0.88, 0.00000810, 0.00000054
trial0016059, SHVR, 0.0, 6, 0.00, 0.00, 0.00000558, 0.00000063, ZIC, 768.0, 34, 22.59, 0.76, 0.00000846, 0.00000058
trial0016060, SHVR, 0.0, 6, 0.00, 0.00, 0.00000676, 0.00000066, ZIC, 760.0, 34, 22.35, 0.71, 0.00000805, 0.00000053
trial0016061, SHVR, 42.0, 6, 7.00, 0.17, 0.00000559, 0.00000054, ZIC, 724.0, 34, 21.29, 0.68, 0.00000788, 0.00000052
trial0016062, SHVR, 0.0, 6, 0.00, 0.00, 0.00000644, 0.00000070, ZIC, 837.0, 34, 24.62, 0.82, 0.00000815, 0.00000058
trial0016063, SHVR, 0.0, 6, 0.00, 0.00, 0.00000573, 0.00000061, ZIC, 1250.0, 34, 36.76, 1.00, 0.00000814, 0.00000059
trial0016064, SHVR, 0.0, 6, 0.00, 0.00, 0.00000607, 0.00000059, ZIC, 930.0, 34, 27.35, 0.76, 0.00000768, 0.00000054
trial0016065, SHVR, 0.0, 6, 0.00, 0.00, 0.00000561, 0.00000059, ZIC, 727.0, 34, 21.38, 0.65, 0.00000862, 0.00000058
trial0016066, SHVR, 0.0, 6, 0.00, 0.00, 0.00000632, 0.00000061, ZIC, 954.0, 34, 28.06, 0.82, 0.00000854, 0.00000059
trial0016067, SHVR, 51.0, 6, 8.50, 0.50, 0.00000589, 0.00000065, ZIC, 813.0, 34, 23.91, 0.62, 0.00000837, 0.00000058
trial0016068, SHVR, 51.0, 6, 8.50, 0.17, 0.00000671, 0.00000064, ZIC, 765.0, 34, 22.50, 0.68, 0.00000808, 0.00000056
trial0016069, SHVR, 49.0, 6, 8.17, 0.33, 0.00000624, 0.00000062, ZIC, 753.0, 34, 22.15, 0.65, 0.00000807, 0.00000055
trial0016070, SHVR, 30.5, 6, 5.08, 0.17, 0.00000576, 0.00000057, ZIC, 550.5, 34, 16.19, 0.56, 0.00000815, 0.00000057
trial0016071, SHVR, 0.0, 6, 0.00, 0.00, 0.00000594, 0.00000062, ZIC, 718.0, 34, 21.12, 0.71, 0.00000840, 0.00000058
trial0016072, SHVR, 0.0, 6, 0.00, 0.00, 0.00000529, 0.00000054, ZIC, 762.0, 34, 22.41, 0.65, 0.00000788, 0.00000052
trial0016073, SHVR, 0.0, 6, 0.00, 0.00, 0.00000701, 0.00000065, ZIC, 571.0, 34, 16.79, 0.47, 0.00000799, 0.00000052
trial0016074, SHVR, 51.5, 6, 8.58, 0.33, 0.00000590, 0.00000059, ZIC, 786.5, 34, 23.13, 0.76, 0.00000847, 0.00000057
trial0016075, SHVR, 0.0, 6, 0.00, 0.00, 0.00000555, 0.00000060, ZIC, 661.0, 34, 19.44, 0.65, 0.00000832, 0.00000058
trial0016076, SHVR, 0.0, 6, 0.00, 0.00, 0.00000613, 0.00000062, ZIC, 741.0, 34, 21.79, 0.71, 0.00000809, 0.00000056
trial0016077, SHVR, 31.0, 6, 5.17, 0.17, 0.00000566, 0.00000057, ZIC, 1043.0, 34, 30.68, 0.79, 0.00000811, 0.00000054
trial0016078, SHVR, 0.0, 6, 0.00, 0.00, 0.00000551, 0.00000057, ZIC, 822.0, 34, 24.18, 0.82, 0.00000848, 0.00000056
trial0016079, SHVR, 0.0, 6, 0.00, 0.00, 0.00000557, 0.00000058, ZIC, 889.0, 34, 26.15, 0.88, 0.00000841, 0.00000058
trial0016080, SHVR, 47.5, 6, 7.92, 0.33, 0.00000625, 0.00000059, ZIC, 445.5, 34, 13.10, 0.41, 0.00000852, 0.00000061
trial0016081, SHVR, 0.0, 6, 0.00, 0.00, 0.00000675, 0.00000067, ZIC, 954.0, 34, 28.06, 0.76, 0.00000853, 0.00000058
trial0016082, SHVR, 0.0, 6, 0.00, 0.00, 0.00000582, 0.00000059, ZIC, 923.0, 34, 27.15, 0.76, 0.00000849, 0.00000058
trial0016083, SHVR, 0.0, 6, 0.00, 0.00, 0.00000585, 0.00000056, ZIC, 1145.0, 34, 33.68, 1.06, 0.00000822, 0.00000057
trial0016084, SHVR, 18.5, 6, 3.08, 0.17, 0.00000555, 0.00000055, ZIC, 729.5, 34, 21.46, 0.74, 0.00000826, 0.00000060
trial0016085, SHVR, 12.5, 6, 2.08, 0.17, 0.00000550, 0.00000057, ZIC, 830.5, 34, 24.43, 0.79, 0.00000819, 0.00000054
trial0016086, SHVR, 43.0, 6, 7.17, 0.17, 0.00000576, 0.00000056, ZIC, 818.0, 34, 24.06, 0.74, 0.00000811, 0.00000055
trial0016087, SHVR, 60.5, 6, 10.08, 0.17, 0.00000604, 0.00000064, ZIC, 1194.5, 34, 35.13, 0.97, 0.00000813, 0.00000055
trial0016088, SHVR, 0.0, 6, 0.00, 0.00, 0.00000558, 0.00000058, ZIC, 759.0, 34, 22.32, 0.65, 0.00000782, 0.00000052
trial0016089, SHVR, 91.5, 6, 15.25, 0.50, 0.00000564, 0.00000054, ZIC, 856.5, 34, 25.19, 0.74, 0.00000807, 0.00000056
trial0016090, SHVR, 0.0, 6, 0.00, 0.00, 0.00000588, 0.00000058, ZIC, 579.0, 34, 17.03, 0.59, 0.00000830, 0.00000057
trial0016091, SHVR, 0.0, 6, 0.00, 0.00, 0.00000671, 0.00000063, ZIC, 596.0, 34, 17.53, 0.65, 0.00000824, 0.00000054
trial0016092, SHVR, 0.0, 6, 0.00, 0.00, 0.00000581, 0.00000057, ZIC, 945.0, 34, 27.79, 0.76, 0.00000834, 0.00000057
trial0016093, SHVR, 123.75, 6, 20.62, 0.50, 0.00000600, 0.00000055, ZIC, 667.25, 34, 19.62, 0.62, 0.00000772, 0.00000054
trial0016094, SHVR, 0.0, 6, 0.00, 0.00, 0.00000669, 0.00000064, ZIC, 966.0, 34, 28.41, 0.88, 0.00000797, 0.00000054
trial0016095, SHVR, 0.0, 6, 0.00, 0.00, 0.00000587, 0.00000062, ZIC, 1029.0, 34, 30.26, 0.94, 0.00000862, 0.00000061
trial0016096, SHVR, 0.0, 6, 0.00, 0.00, 0.00000540, 0.00000056, ZIC, 526.0, 34, 15.47, 0.47, 0.00000780, 0.00000054
trial0016097, SHVR, 0.0, 6, 0.00, 0.00, 0.00000527, 0.00000052, ZIC, 902.0, 34, 26.53, 0.76, 0.00000826, 0.00000055
trial0016098, SHVR, 55.0, 6, 9.17, 0.17, 0.00000563, 0.00000053, ZIC, 936.0, 34, 27.53, 0.85, 0.00000844, 0.00000057
trial0016099, SHVR, 66.0, 6, 11.00, 0.67, 0.00000692, 0.00000075, ZIC, 602.0, 34, 17.71, 0.59, 0.00000818, 0.00000056
trial0016100, SHVR, 0.0, 6, 0.00, 0.00, 0.00000622, 0.00000071, ZIC, 832.0, 34, 24.47, 0.82, 0.00000831, 0.00000057
trial0016101, SHVR, 0.0, 6, 0.00, 0.00, 0.00000584, 0.00000056, ZIC, 1521.0, 34, 44.74, 0.94, 0.00000834, 0.00000067
trial0016102, SHVR, 58.0, 6, 9.67, 0.33, 0.00000608, 0.00000056, ZIC, 1113.0, 34, 32.74, 0.71, 0.00000850, 0.00000059
trial0016103, SHVR, 0.0, 6, 0.00, 0.00, 0.00000603, 0.00000057, ZIC, 1712.0, 34, 50.35, 1.12, 0.00000852, 0.00000059
trial0016104, SHVR, 58.5, 6, 9.75, 0.17, 0.00000597, 0.00000060, ZIC, 1616.5, 34, 47.54, 1.15, 0.00000861, 0.00000059
trial0016105, SHVR, 88.0, 6, 14.67, 0.17, 0.00000566, 0.00000057, ZIC, 1788.0, 34, 52.59, 1.09, 0.00000836, 0.00000056
trial0016106, SHVR, 34.0, 6, 5.67, 0.17, 0.00000721, 0.00000071, ZIC, 2092.0, 34, 61.53, 1.26, 0.00000819, 0.00000056
trial0016107, SHVR, 0.0, 6, 0.00, 0.00, 0.00000583, 0.00000057, ZIC, 1479.0, 34, 43.50, 1.00, 0.00000812, 0.00000055
trial0016108, SHVR, 0.0, 6, 0.00, 0.00, 0.00000569, 0.00000058, ZIC, 1392.0, 34, 40.94, 0.88, 0.00000840, 0.00000058
trial0016109, SHVR, 0.0, 6, 0.00, 0.00, 0.00000634, 0.00000061, ZIC, 2003.0, 34, 58.91, 1.29, 0.00000802, 0.00000052
trial0016110, SHVR, 38.0, 6, 6.33, 0.17, 0.00000641, 0.00000061, ZIC, 918.0, 34, 27.00, 0.68, 0.00000822, 0.00000056
trial0016111, SHVR, 0.0, 6, 0.00, 0.00, 0.00000651, 0.00000066, ZIC, 1132.0, 34, 33.29, 0.71, 0.00000812, 0.00000056
trial0016112, SHVR, 0.0, 6, 0.00, 0.00, 0.00000632, 0.00000060, ZIC, 1744.0, 34, 51.29, 1.18, 0.00000804, 0.00000055
trial0016113, SHVR, 0.0, 6, 0.00, 0.00, 0.00000542, 0.00000056, ZIC, 2036.0, 34, 59.88, 1.24, 0.00000821, 0.00000055
trial0016114, SHVR, 33.5, 6, 5.58, 0.17, 0.00000600, 0.00000058, ZIC, 1427.5, 34, 41.99, 0.97, 0.00000828, 0.00000056
trial0016115, SHVR, 14.0, 6, 2.33, 0.17, 0.00000562, 0.00000053, ZIC, 1865.0, 34, 54.85, 1.15, 0.00000801, 0.00000054
trial0016116, SHVR, 0.0, 6, 0.00, 0.00, 0.00000634, 0.00000061, ZIC, 1368.0, 34, 40.24, 0.94, 0.00000824, 0.00000056
trial0016117, SHVR, 0.0, 6, 0.00, 0.00, 0.00000567, 0.00000054, ZIC, 1944.0, 34, 57.18, 1.29, 0.00000804, 0.00000055
trial0016118, SHVR, 147.0, 6, 24.50, 0.50, 0.00000602, 0.00000059, ZIC, 1294.0, 34, 38.06, 0.79, 0.00000818, 0.00000056
trial0016119, SHVR, 79.25, 6, 13.21, 0.50, 0.00000637, 0.00000067, ZIC, 1526.75, 34, 44.90, 0.97, 0.00000847, 0.00000056
trial0016120, SHVR, 24.25, 6, 4.04, 0.17, 0.00000594, 0.00000058, ZIC, 1750.75, 34, 51.49, 1.15, 0.00000818, 0.00000055
trial0016121, SHVR, 0.0, 6, 0.00, 0.00, 0.00000591, 0.00000070, ZIC, 2412.0, 34, 70.94, 1.53, 0.00000839, 0.00000057
trial0016122, SHVR, 0.0, 6, 0.00, 0.00, 0.00000605, 0.00000056, ZIC, 1049.0, 34, 30.85, 0.71, 0.00000846, 0.00000060
trial0016123, SHVR, 0.0, 6, 0.00, 0.00, 0.00000644, 0.00000063, ZIC, 1352.0, 34, 39.76, 1.00, 0.00000855, 0.00000061
trial0016124, SHVR, 51.5, 6, 8.58, 0.17, 0.00000628, 0.00000062, ZIC, 1933.5, 34, 56.87, 1.21, 0.00000879, 0.00000062
trial0016125, SHVR, 0.0, 6, 0.00, 0.00, 0.00000597, 0.00000060, ZIC, 1712.0, 34, 50.35, 0.94, 0.00000835, 0.00000054
trial0016126, SHVR, 0.0, 6, 0.00, 0.00, 0.00000573, 0.00000058, ZIC, 1313.0, 34, 38.62, 1.00, 0.00000824, 0.00000056
trial0016127, SHVR, 0.0, 6, 0.00, 0.00, 0.00000671, 0.00000071, ZIC, 1724.0, 34, 50.71, 1.12, 0.00000834, 0.00000056
trial0016128, SHVR, 0.0, 6, 0.00, 0.00, 0.00000698, 0.00000068, ZIC, 1461.0, 34, 42.97, 0.82, 0.00000791, 0.00000054
trial0016129, SHVR, 0.0, 6, 0.00, 0.00, 0.00000696, 0.00000070, ZIC, 1657.0, 34, 48.74, 1.00, 0.00000822, 0.00000057
trial0016130, SHVR, 0.0, 6, 0.00, 0.00, 0.00000563, 0.00000060, ZIC, 1447.0, 34, 42.56, 0.94, 0.00000803, 0.00000056
trial0016131, SHVR, 48.5, 6, 8.08, 0.17, 0.00000598, 0.00000056, ZIC, 1316.5, 34, 38.72, 0.91, 0.00000872, 0.00000060
trial0016132, SHVR, 0.0, 6, 0.00, 0.00, 0.00000611, 0.00000064, ZIC, 1705.0, 34, 50.15, 1.06, 0.00000845, 0.00000058
trial0016133, SHVR, 62.0, 6, 10.33, 0.33, 0.00000565, 0.00000056, ZIC, 1838.0, 34, 54.06, 1.18, 0.00000836, 0.00000057
trial0016134, SHVR, 0.0, 6, 0.00, 0.00, 0.00000592, 0.00000061, ZIC, 839.0, 34, 24.68, 0.59, 0.00000874, 0.00000059
trial0016135, SHVR, 0.0, 6, 0.00, 0.00, 0.00000681, 0.00000065, ZIC, 1360.0, 34, 40.00, 0.88, 0.00000831, 0.00000057
trial0016136, SHVR, 15.0, 6, 2.50, 0.17, 0.00000612, 0.00000056, ZIC, 1327.0, 34, 39.03, 0.79, 0.00000833, 0.00000056
trial0016137, SHVR, 91.5, 6, 15.25, 0.33, 0.00000593, 0.00000063, ZIC, 1917.5, 34, 56.40, 1.18, 0.00000864, 0.00000058
trial0016138, SHVR, 0.0, 6, 0.00, 0.00, 0.00000597, 0.00000060, ZIC, 1930.0, 34, 56.76, 1.24, 0.00000856, 0.00000060
trial0016139, SHVR, 68.75, 6, 11.46, 0.33, 0.00000624, 0.00000062, ZIC, 1378.25, 34, 40.54, 0.88, 0.00000885, 0.00000064
trial0016140, SHVR, 42.5, 6, 7.08, 0.17, 0.00000590, 0.00000059, ZIC, 1733.5, 34, 50.99, 1.15, 0.00000872, 0.00000062
trial0016141, SHVR, 0.0, 6, 0.00, 0.00, 0.00000640, 0.00000063, ZIC, 1778.0, 34, 52.29, 1.18, 0.00000916, 0.00000063
trial0016142, SHVR, 0.0, 6, 0.00, 0.00, 0.00000702, 0.00000073, ZIC, 1363.0, 34, 40.09, 0.88, 0.00000841, 0.00000059
trial0016143, SHVR, 165.75, 6, 27.62, 0.67, 0.00000663, 0.00000062, ZIC, 1860.25, 34, 54.71, 1.18, 0.00000908, 0.00000063
trial0016144, SHVR, 0.0, 6, 0.00, 0.00, 0.00000595, 0.00000072, ZIC, 831.0, 34, 24.44, 0.47, 0.00000896, 0.00000066
trial0016145, SHVR, 0.0, 6, 0.00, 0.00, 0.00000583, 0.00000058, ZIC, 1687.0, 34, 49.62, 1.12, 0.00000887, 0.00000062
trial0016146, SHVR, 108.0, 6, 18.00, 0.33, 0.00000596, 0.00000061, ZIC, 1363.0, 34, 40.09, 0.82, 0.00000839, 0.00000061
trial0016147, SHVR, 31.5, 6, 5.25, 0.33, 0.00000619, 0.00000063, ZIC, 1547.5, 34, 45.51, 1.18, 0.00000897, 0.00000060
trial0016148, SHVR, 31.25, 6, 5.21, 0.17, 0.00000598, 0.00000057, ZIC, 1355.75, 34, 39.88, 0.85, 0.00000893, 0.00000061
trial0016149, SHVR, 130.5, 6, 21.75, 0.67, 0.00000639, 0.00000061, ZIC, 1764.5, 34, 51.90, 1.06, 0.00000891, 0.00000058
trial0016150, SHVR, 33.5, 6, 5.58, 0.33, 0.00000577, 0.00000059, ZIC, 1719.5, 34, 50.57, 1.24, 0.00000810, 0.00000056
trial0016151, SHVR, 0.0, 6, 0.00, 0.00, 0.00000610, 0.00000061, ZIC, 1519.0, 34, 44.68, 1.18, 0.00000881, 0.00000063
trial0016152, SHVR, 0.0, 6, 0.00, 0.00, 0.00000565, 0.00000056, ZIC, 1368.0, 34, 40.24, 0.82, 0.00000832, 0.00000057
trial0016153, SHVR, 0.0, 6, 0.00, 0.00, 0.00000677, 0.00000067, ZIC, 1161.0, 34, 34.15, 0.76, 0.00000862, 0.00000057
trial0016154, SHVR, 39.0, 6, 6.50, 0.17, 0.00000628, 0.00000061, ZIC, 1806.0, 34, 53.12, 1.21, 0.00000889, 0.00000061
trial0016155, SHVR, 0.0, 6, 0.00, 0.00, 0.00000707, 0.00000075, ZIC, 1781.0, 34, 52.38, 1.18, 0.00000820, 0.00000056
trial0016156, SHVR, 26.5, 6, 4.42, 0.17, 0.00000622, 0.00000060, ZIC, 1321.5, 34, 38.87, 0.74, 0.00000884, 0.00000062
trial0016157, SHVR, 0.0, 6, 0.00, 0.00, 0.00000709, 0.00000062, ZIC, 1003.0, 34, 29.50, 0.76, 0.00000854, 0.00000056
trial0016158, SHVR, 78.0, 6, 13.00, 0.33, 0.00000644, 0.00000064, ZIC, 1710.0, 34, 50.29, 1.12, 0.00000829, 0.00000059
trial0016159, SHVR, 48.75, 6, 8.12, 0.33, 0.00000674, 0.00000065, ZIC, 1430.25, 34, 42.07, 0.88, 0.00000879, 0.00000059
trial0016160, SHVR, 190.0, 6, 31.67, 0.83, 0.00000595, 0.00000061, ZIC, 1755.0, 34, 51.62, 0.97, 0.00000843, 0.00000057
trial0016161, SHVR, 0.0, 6, 0.00, 0.00, 0.00000770, 0.00000078, ZIC, 1624.0, 34, 47.76, 1.06, 0.00000833, 0.00000057
trial0016162, SHVR, 264.5, 6, 44.08, 0.67, 0.00000603, 0.00000063, ZIC, 726.5, 34, 21.37, 0.53, 0.00000861, 0.00000059
trial0016163, SHVR, 26.5, 6, 4.42, 0.17, 0.00000733, 0.00000073, ZIC, 1385.5, 34, 40.75, 0.85, 0.00000877, 0.00000063
trial0016164, SHVR, 25.5, 6, 4.25, 0.17, 0.00000586, 0.00000065, ZIC, 1520.5, 34, 44.72, 1.15, 0.00000859, 0.00000057
trial0016165, SHVR, 0.0, 6, 0.00, 0.00, 0.00000604, 0.00000060, ZIC, 1560.0, 34, 45.88, 1.00, 0.00000836, 0.00000060
trial0016166, SHVR, 0.0, 6, 0.00, 0.00, 0.00000565, 0.00000058, ZIC, 1047.0, 34, 30.79, 0.71, 0.00000839, 0.00000061
trial0016167, SHVR, 0.0, 6, 0.00, 0.00, 0.00000603, 0.00000056, ZIC, 1299.0, 34, 38.21, 0.88, 0.00000884, 0.00000062
trial0016168, SHVR, 0.0, 6, 0.00, 0.00, 0.00000728, 0.00000076, ZIC, 1474.0, 34, 43.35, 1.00, 0.00000812, 0.00000057
trial0016169, SHVR, 13.5, 6, 2.25, 0.17, 0.00000670, 0.00000063, ZIC, 1726.5, 34, 50.78, 0.97, 0.00000846, 0.00000057
trial0016170, SHVR, 37.5, 6, 6.25, 0.17, 0.00000619, 0.00000062, ZIC, 1532.5, 34, 45.07, 0.97, 0.00000900, 0.00000063
trial0016171, SHVR, 0.0, 6, 0.00, 0.00, 0.00000754, 0.00000074, ZIC, 1711.0, 34, 50.32, 1.00, 0.00000837, 0.00000058
trial0016172, SHVR, 41.0, 6, 6.83, 0.17, 0.00000701, 0.00000068, ZIC, 1945.0, 34, 57.21, 0.97, 0.00000853, 0.00000058
trial0016173, SHVR, 50.25, 6, 8.38, 0.17, 0.00000565, 0.00000058, ZIC, 1667.75, 34, 49.05, 1.03, 0.00000884, 0.00000061
trial0016174, SHVR, 37.0, 6, 6.17, 0.33, 0.00000637, 0.00000063, ZIC, 1723.0, 34, 50.68, 1.12, 0.00000876, 0.00000061
trial0016175, SHVR, 0.0, 6, 0.00, 0.00, 0.00000596, 0.00000064, ZIC, 1312.0, 34, 38.59, 0.82, 0.00000891, 0.00000063
trial0016176, SHVR, 49.5, 6, 8.25, 0.17, 0.00000672, 0.00000069, ZIC, 1227.5, 34, 36.10, 0.79, 0.00000841, 0.00000057
trial0016177, SHVR, 0.0, 6, 0.00, 0.00, 0.00000680, 0.00000067, ZIC, 1658.0, 34, 48.76, 1.06, 0.00000854, 0.00000058
trial0016178, SHVR, 0.0, 6, 0.00, 0.00, 0.00000614, 0.00000059, ZIC, 1492.0, 34, 43.88, 0.82, 0.00000849, 0.00000061
trial0016179, SHVR, 0.0, 6, 0.00, 0.00, 0.00000628, 0.00000061, ZIC, 1311.0, 34, 38.56, 0.82, 0.00000871, 0.00000063
trial0016180, SHVR, 13.5, 6, 2.25, 0.17, 0.00000706, 0.00000071, ZIC, 1558.5, 34, 45.84, 0.85, 0.00000836, 0.00000056
trial0016181, SHVR, 0.0, 6, 0.00, 0.00, 0.00000586, 0.00000059, ZIC, 1583.0, 34, 46.56, 0.94, 0.00000923, 0.00000060
trial0016182, SHVR, 49.0, 6, 8.17, 0.33, 0.00000603, 0.00000061, ZIC, 1340.0, 34, 39.41, 1.00, 0.00000837, 0.00000059
trial0016183, SHVR, 48.5, 6, 8.08, 0.17, 0.00000680, 0.00000067, ZIC, 1912.5, 34, 56.25, 1.09, 0.00000853, 0.00000058
trial0016184, SHVR, 0.0, 6, 0.00, 0.00, 0.00000700, 0.00000069, ZIC, 1484.0, 34, 43.65, 0.88, 0.00000849, 0.00000058
trial0016185, SHVR, 3.0, 6, 0.50, 0.17, 0.00000681, 0.00000063, ZIC, 1806.0, 34, 53.12, 1.21, 0.00000882, 0.00000065
trial0016186, SHVR, 49.25, 6, 8.21, 0.17, 0.00000611, 0.00000059, ZIC, 767.75, 34, 22.58, 0.68, 0.00000880, 0.00000062
trial0016187, SHVR, 0.0, 6, 0.00, 0.00, 0.00000615, 0.00000058, ZIC, 1727.0, 34, 50.79, 1.24, 0.00000881, 0.00000061
trial0016188, SHVR, 0.0, 6, 0.00, 0.00, 0.00000687, 0.00000063, ZIC, 1351.0, 34, 39.74, 0.82, 0.00000872, 0.00000059
trial0016189, SHVR, 12.0, 6, 2.00, 0.17, 0.00000619, 0.00000063, ZIC, 1077.0, 34, 31.68, 0.68, 0.00000863, 0.00000060
trial0016190, SHVR, 0.0, 6, 0.00, 0.00, 0.00000588, 0.00000056, ZIC, 1801.0, 34, 52.97, 1.12, 0.00000868, 0.00000059
trial0016191, SHVR, 0.0, 6, 0.00, 0.00, 0.00000625, 0.00000061, ZIC, 1472.0, 34, 43.29, 1.00, 0.00000879, 0.00000059
trial0016192, SHVR, 0.0, 6, 0.00, 0.00, 0.00000653, 0.00000069, ZIC, 1724.0, 34, 50.71, 1.12, 0.00000817, 0.00000058
trial0016193, SHVR, 16.0, 6, 2.67, 0.17, 0.00000601, 0.00000060, ZIC, 1023.0, 34, 30.09, 0.68, 0.00000877, 0.00000062
trial0016194, SHVR, 0.0, 6, 0.00, 0.00, 0.00000609, 0.00000058, ZIC, 1372.0, 34, 40.35, 0.82, 0.00000860, 0.00000060
trial0016195, SHVR, 0.0, 6, 0.00, 0.00, 0.00000622, 0.00000064, ZIC, 1783.0, 34, 52.44, 1.12, 0.00000862, 0.00000062
trial0016196, SHVR, 0.0, 6, 0.00, 0.00, 0.00000599, 0.00000055, ZIC, 1478.0, 34, 43.47, 0.94, 0.00000848, 0.00000059
trial0016197, SHVR, 33.5, 6, 5.58, 0.17, 0.00000637, 0.00000061, ZIC, 1406.5, 34, 41.37, 0.91, 0.00000822, 0.00000056
trial0016198, SHVR, 68.0, 6, 11.33, 0.17, 0.00000607, 0.00000061, ZIC, 1777.0, 34, 52.26, 0.97, 0.00000933, 0.00000059
trial0016199, SHVR, 0.0, 6, 0.00, 0.00, 0.00000612, 0.00000066, ZIC, 1419.0, 34, 41.74, 0.82, 0.00000898, 0.00000063
trial0016200, SHVR, 0.0, 6, 0.00, 0.00, 0.00000607, 0.00000058, ZIC, 2345.0, 34, 68.97, 1.35, 0.00000831, 0.00000056
trial0016201, SHVR, 0.0, 6, 0.00, 0.00, 0.00000618, 0.00000065, ZIC, 421.0, 34, 12.38, 0.65, 0.00000849, 0.00000059
trial0016202, SHVR, 0.0, 6, 0.00, 0.00, 0.00000799, 0.00000077, ZIC, 324.0, 34, 9.53, 0.47, 0.00000840, 0.00000056
trial0016203, SHVR, 38.5, 6, 6.42, 0.33, 0.00000634, 0.00000063, ZIC, 409.5, 34, 12.04, 0.65, 0.00000876, 0.00000063
trial0016204, SHVR, 0.0, 6, 0.00, 0.00, 0.00000613, 0.00000068, ZIC, 330.0, 34, 9.71, 0.53, 0.00000882, 0.00000060
trial0016205, SHVR, 0.0, 6, 0.00, 0.00, 0.00000626, 0.00000061, ZIC, 319.0, 34, 9.38, 0.47, 0.00000875, 0.00000063
trial0016206, SHVR, 15.0, 6, 2.50, 0.17, 0.00000590, 0.00000061, ZIC, 451.0, 34, 13.26, 0.74, 0.00000866, 0.00000060
trial0016207, SHVR, 0.0, 6, 0.00, 0.00, 0.00000607, 0.00000066, ZIC, 463.0, 34, 13.62, 0.71, 0.00000854, 0.00000063
trial0016208, SHVR, 0.0, 6, 0.00, 0.00, 0.00000596, 0.00000062, ZIC, 194.0, 34, 5.71, 0.29, 0.00000844, 0.00000058
trial0016209, SHVR, 0.0, 6, 0.00, 0.00, 0.00000598, 0.00000060, ZIC, 282.0, 34, 8.29, 0.41, 0.00000858, 0.00000058
trial0016210, SHVR, 0.0, 6, 0.00, 0.00, 0.00000589, 0.00000061, ZIC, 276.0, 34, 8.12, 0.53, 0.00000873, 0.00000062
trial0016211, SHVR, 0.0, 6, 0.00, 0.00, 0.00000614, 0.00000070, ZIC, 367.0, 34, 10.79, 0.53, 0.00000861, 0.00000059
trial0016212, SHVR, 53.5, 6, 8.92, 0.33, 0.00000654, 0.00000069, ZIC, 228.5, 34, 6.72, 0.47, 0.00000832, 0.00000058
trial0016213, SHVR, 0.0, 6, 0.00, 0.00, 0.00000619, 0.00000061, ZIC, 177.0, 34, 5.21, 0.47, 0.00000810, 0.00000057
trial0016214, SHVR, 0.0, 6, 0.00, 0.00, 0.00000590, 0.00000060, ZIC, 297.0, 34, 8.74, 0.47, 0.00000855, 0.00000059
trial0016215, SHVR, 26.5, 6, 4.42, 0.17, 0.00000578, 0.00000066, ZIC, 234.5, 34, 6.90, 0.44, 0.00000865, 0.00000060
trial0016216, SHVR, 0.0, 6, 0.00, 0.00, 0.00000599, 0.00000060, ZIC, 229.0, 34, 6.74, 0.41, 0.00000846, 0.00000059
trial0016217, SHVR, 0.0, 6, 0.00, 0.00, 0.00000692, 0.00000075, ZIC, 319.0, 34, 9.38, 0.47, 0.00000852, 0.00000059
trial0016218, SHVR, 24.5, 6, 4.08, 0.17, 0.00000591, 0.00000060, ZIC, 181.5, 34, 5.34, 0.32, 0.00000879, 0.00000062
trial0016219, SHVR, 0.0, 6, 0.00, 0.00, 0.00000621, 0.00000062, ZIC, 145.0, 34, 4.26, 0.24, 0.00000866, 0.00000061
trial0016220, SHVR, 0.0, 6, 0.00, 0.00, 0.00000710, 0.00000073, ZIC, 194.0, 34, 5.71, 0.29, 0.00000830, 0.00000057
trial0016221, SHVR, 0.0, 6, 0.00, 0.00, 0.00000599, 0.00000060, ZIC, 49.0, 34, 1.44, 0.18, 0.00000866, 0.00000061
trial0016222, SHVR, 0.0, 6, 0.00, 0.00, 0.00000668, 0.00000070, ZIC, 204.0, 34, 6.00, 0.35, 0.00000815, 0.00000055
trial0016223, SHVR, 16.0, 6, 2.67, 0.17, 0.00000571, 0.00000056, ZIC, 245.0, 34, 7.21, 0.50, 0.00000834, 0.00000058
trial0016224, SHVR, 16.0, 6, 2.67, 0.17, 0.00000689, 0.00000064, ZIC, 262.0, 34, 7.71, 0.50, 0.00000818, 0.00000056
trial0016225, SHVR, 0.0, 6, 0.00, 0.00, 0.00000590, 0.00000059, ZIC, 174.0, 34, 5.12, 0.35, 0.00000870, 0.00000062
trial0016226, SHVR, 29.0, 6, 4.83, 0.17, 0.00000603, 0.00000068, ZIC, 210.0, 34, 6.18, 0.32, 0.00000838, 0.00000058
trial0016227, SHVR, 26.5, 6, 4.42, 0.17, 0.00000622, 0.00000061, ZIC, 228.5, 34, 6.72, 0.44, 0.00000861, 0.00000059
trial0016228, SHVR, 0.0, 6, 0.00, 0.00, 0.00000564, 0.00000059, ZIC, 378.0, 34, 11.12, 0.53, 0.00000846, 0.00000061
trial0016229, SHVR, 0.0, 6, 0.00, 0.00, 0.00000667, 0.00000071, ZIC, 103.0, 34, 3.03, 0.24, 0.00000816, 0.00000058
trial0016230, SHVR, 20.5, 6, 3.42, 0.17, 0.00000595, 0.00000059, ZIC, 402.5, 34, 11.84, 0.62, 0.00000846, 0.00000058
trial0016231, SHVR, 12.5, 6, 2.08, 0.17, 0.00000569, 0.00000063, ZIC, 191.5, 34, 5.63, 0.26, 0.00000832, 0.00000059
trial0016232, SHVR, 0.0, 6, 0.00, 0.00, 0.00000588, 0.00000060, ZIC, 317.0, 34, 9.32, 0.47, 0.00000857, 0.00000061
trial0016233, SHVR, 9.75, 6, 1.62, 0.17, 0.00000589, 0.00000065, ZIC, 306.25, 34, 9.01, 0.38, 0.00000849, 0.00000059
trial0016234, SHVR, 0.0, 6, 0.00, 0.00, 0.00000594, 0.00000071, ZIC, 292.0, 34, 8.59, 0.47, 0.00000866, 0.00000060
trial0016235, SHVR, 0.0, 6, 0.00, 0.00, 0.00000631, 0.00000064, ZIC, 403.0, 34, 11.85, 0.65, 0.00000873, 0.00000058
trial0016236, SHVR, 0.0, 6, 0.00, 0.00, 0.00000586, 0.00000057, ZIC, 290.0, 34, 8.53, 0.47, 0.00000846, 0.00000056
trial0016237, SHVR, 0.0, 6, 0.00, 0.00, 0.00000582, 0.00000060, ZIC, 364.0, 34, 10.71, 0.53, 0.00000850, 0.00000059
trial0016238, SHVR, 7.0, 6, 1.17, 0.17, 0.00000579, 0.00000059, ZIC, 266.0, 34, 7.82, 0.44, 0.00000869, 0.00000062
trial0016239, SHVR, 0.0, 6, 0.00, 0.00, 0.00000573, 0.00000059, ZIC, 380.0, 34, 11.18, 0.59, 0.00000840, 0.00000061
trial0016240, SHVR, 50.0, 6, 8.33, 0.17, 0.00000595, 0.00000062, ZIC, 235.0, 34, 6.91, 0.44, 0.00000856, 0.00000060
trial0016241, SHVR, 0.0, 6, 0.00, 0.00, 0.00000582, 0.00000063, ZIC, 190.0, 34, 5.59, 0.29, 0.00000854, 0.00000060
trial0016242, SHVR, 0.0, 6, 0.00, 0.00, 0.00000560, 0.00000058, ZIC, 267.0, 34, 7.85, 0.41, 0.00000838, 0.00000058
trial0016243, SHVR, 40.0, 6, 6.67, 0.33, 0.00000610, 0.00000060, ZIC, 203.0, 34, 5.97, 0.35, 0.00000858, 0.00000060
trial0016244, SHVR, 0.0, 6, 0.00, 0.00, 0.00000603, 0.00000058, ZIC, 406.0, 34, 11.94, 0.65, 0.00000867, 0.00000060
trial0016245, SHVR, 0.0, 6, 0.00, 0.00, 0.00000660, 0.00000064, ZIC, 167.0, 34, 4.91, 0.29, 0.00000876, 0.00000061
trial0016246, SHVR, 0.0, 6, 0.00, 0.00, 0.00000600, 0.00000060, ZIC, 381.0, 34, 11.21, 0.59, 0.00000857, 0.00000056
trial0016247, SHVR, 0.0, 6, 0.00, 0.00, 0.00000654, 0.00000068, ZIC, 286.0, 34, 8.41, 0.41, 0.00000828, 0.00000057
trial0016248, SHVR, 18.0, 6, 3.00, 0.17, 0.00000630, 0.00000061, ZIC, 298.0, 34, 8.76, 0.50, 0.00000880, 0.00000061
trial0016249, SHVR, 11.0, 6, 1.83, 0.17, 0.00000618, 0.00000059, ZIC, 406.0, 34, 11.94, 0.56, 0.00000857, 0.00000058
trial0016250, SHVR, 32.0, 6, 5.33, 0.17, 0.00000597, 0.00000059, ZIC, 211.0, 34, 6.21, 0.44, 0.00000830, 0.00000059
trial0016251, SHVR, 10.75, 6, 1.79, 0.17, 0.00000678, 0.00000078, ZIC, 190.25, 34, 5.60, 0.32, 0.00000850, 0.00000060
trial0016252, SHVR, 12.0, 6, 2.00, 0.17, 0.00000620, 0.00000061, ZIC, 445.0, 34, 13.09, 0.56, 0.00000844, 0.00000058
trial0016253, SHVR, 42.0, 6, 7.00, 0.33, 0.00000632, 0.00000063, ZIC, 426.0, 34, 12.53, 0.71, 0.00000872, 0.00000064
trial0016254, SHVR, 0.0, 6, 0.00, 0.00, 0.00000672, 0.00000069, ZIC, 164.0, 34, 4.82, 0.29, 0.00000862, 0.00000062
trial0016255, SHVR, 2.0, 6, 0.33, 0.17, 0.00000584, 0.00000057, ZIC, 297.0, 34, 8.74, 0.44, 0.00000817, 0.00000057
trial0016256, SHVR, 0.0, 6, 0.00, 0.00, 0.00000594, 0.00000056, ZIC, 282.0, 34, 8.29, 0.41, 0.00000858, 0.00000060
trial0016257, SHVR, 0.0, 6, 0.00, 0.00, 0.00000633, 0.00000061, ZIC, 132.0, 34, 3.88, 0.18, 0.00000885, 0.00000061
trial0016258, SHVR, 0.0, 6, 0.00, 0.00, 0.00000592, 0.00000061, ZIC, 337.0, 34, 9.91, 0.47, 0.00000835, 0.00000058
trial0016259, SHVR, 14.0, 6, 2.33, 0.33, 0.00000671, 0.00000062, ZIC, 175.0, 34, 5.15, 0.29, 0.00000839, 0.00000060
trial0016260, SHVR, 0.0, 6, 0.00, 0.00, 0.00000585, 0.00000061, ZIC, 227.0, 34, 6.68, 0.35, 0.00000823, 0.00000059
trial0016261, SHVR, 18.0, 6, 3.00, 0.33, 0.00000677, 0.00000070, ZIC, 363.0, 34, 10.68, 0.59, 0.00000852, 0.00000061
trial0016262, SHVR, 0.0, 6, 0.00, 0.00, 0.00000581, 0.00000059, ZIC, 374.0, 34, 11.00, 0.59, 0.00000869, 0.00000059
trial0016263, SHVR, 34.5, 6, 5.75, 0.17, 0.00000681, 0.00000064, ZIC, 264.5, 34, 7.78, 0.38, 0.00000809, 0.00000058
trial0016264, SHVR, 15.0, 6, 2.50, 0.17, 0.00000726, 0.00000068, ZIC, 236.0, 34, 6.94, 0.44, 0.00000828, 0.00000057
trial0016265, SHVR, 37.5, 6, 6.25, 0.33, 0.00000703, 0.00000065, ZIC, 256.5, 34, 7.54, 0.47, 0.00000824, 0.00000057
trial0016266, SHVR, 8.5, 6, 1.42, 0.17, 0.00000599, 0.00000067, ZIC, 241.5, 34, 7.10, 0.44, 0.00000839, 0.00000062
trial0016267, SHVR, 143.0, 6, 23.83, 1.17, 0.00000665, 0.00000064, ZIC, 331.0, 34, 9.74, 0.56, 0.00000872, 0.00000059
trial0016268, SHVR, 0.0, 6, 0.00, 0.00, 0.00000598, 0.00000060, ZIC, 199.0, 34, 5.85, 0.29, 0.00000798, 0.00000055
trial0016269, SHVR, 0.0, 6, 0.00, 0.00, 0.00000579, 0.00000059, ZIC, 286.0, 34, 8.41, 0.35, 0.00000842, 0.00000059
trial0016270, SHVR, 0.0, 6, 0.00, 0.00, 0.00000571, 0.00000056, ZIC, 400.0, 34, 11.76, 0.59, 0.00000831, 0.00000056
trial0016271, SHVR, 0.0, 6, 0.00, 0.00, 0.00000599, 0.00000060, ZIC, 116.0, 34, 3.41, 0.18, 0.00000781, 0.00000054
trial0016272, SHVR, 5.0, 6, 0.83, 0.33, 0.00000563, 0.00000054, ZIC, 306.0, 34, 9.00, 0.53, 0.00000837, 0.00000057
trial0016273, SHVR, 0.0, 6, 0.00, 0.00, 0.00000748, 0.00000071, ZIC, 169.0, 34, 4.97, 0.35, 0.00000826, 0.00000056
trial0016274, SHVR, 50.0, 6, 8.33, 0.33, 0.00000616, 0.00000059, ZIC, 228.0, 34, 6.71, 0.41, 0.00000847, 0.00000057
trial0016275, SHVR, 0.0, 6, 0.00, 0.00, 0.00000593, 0.00000061, ZIC, 344.0, 34, 10.12, 0.59, 0.00000859, 0.00000061
trial0016276, SHVR, 0.0, 6, 0.00, 0.00, 0.00000611, 0.00000059, ZIC, 162.0, 34, 4.76, 0.24, 0.00000809, 0.00000055
trial0016277, SHVR, 12.0, 6, 2.00, 0.17, 0.00000591, 0.00000061, ZIC, 253.0, 34, 7.44, 0.38, 0.00000849, 0.00000060
trial0016278, SHVR, 20.0, 6, 3.33, 0.17, 0.00000656, 0.00000065, ZIC, 240.0, 34, 7.06, 0.38, 0.00000813, 0.00000056
trial0016279, SHVR, 19.0, 6, 3.17, 0.17, 0.00000627, 0.00000063, ZIC, 375.0, 34, 11.03, 0.56, 0.00000793, 0.00000054
trial0016280, SHVR, 0.0, 6, 0.00, 0.00, 0.00000665, 0.00000070, ZIC, 286.0, 34, 8.41, 0.47, 0.00000817, 0.00000055
trial0016281, SHVR, 0.0, 6, 0.00, 0.00, 0.00000561, 0.00000055, ZIC, 155.0, 34, 4.56, 0.24, 0.00000816, 0.00000055
trial0016282, SHVR, 0.0, 6, 0.00, 0.00, 0.00000579, 0.00000063, ZIC, 157.0, 34, 4.62, 0.29, 0.00000858, 0.00000062
trial0016283, SHVR, 6.5, 6, 1.08, 0.17, 0.00000603, 0.00000057, ZIC, 220.5, 34, 6.49, 0.26, 0.00000867, 0.00000062
trial0016284, SHVR, 6.75, 6, 1.12, 0.17, 0.00000567, 0.00000062, ZIC, 417.25, 34, 12.27, 0.62, 0.00000862, 0.00000059
trial0016285, SHVR, 0.0, 6, 0.00, 0.00, 0.00000593, 0.00000061, ZIC, 152.0, 34, 4.47, 0.24, 0.00000827, 0.00000056
trial0016286, SHVR, 0.0, 6, 0.00, 0.00, 0.00000574, 0.00000062, ZIC, 183.0, 34, 5.38, 0.24, 0.00000812, 0.00000059
trial0016287, SHVR, 0.0, 6, 0.00, 0.00, 0.00000666, 0.00000067, ZIC, 238.0, 34, 7.00, 0.35, 0.00000813, 0.00000057
trial0016288, SHVR, 0.0, 6, 0.00, 0.00, 0.00000752, 0.00000078, ZIC, 270.0, 34, 7.94, 0.53, 0.00000845, 0.00000057
trial0016289, SHVR, 0.0, 6, 0.00, 0.00, 0.00000592, 0.00000058, ZIC, 387.0, 34, 11.38, 0.53, 0.00000858, 0.00000060
trial0016290, SHVR, 0.0, 6, 0.00, 0.00, 0.00000644, 0.00000067, ZIC, 258.0, 34, 7.59, 0.35, 0.00000824, 0.00000056
trial0016291, SHVR, 0.0, 6, 0.00, 0.00, 0.00000595, 0.00000067, ZIC, 377.0, 34, 11.09, 0.59, 0.00000868, 0.00000061
trial0016292, SHVR, 30.0, 6, 5.00, 0.17, 0.00000589, 0.00000057, ZIC, 295.0, 34, 8.68, 0.50, 0.00000840, 0.00000059
trial0016293, SHVR, 48.0, 6, 8.00, 0.17, 0.00000650, 0.00000064, ZIC, 402.0, 34, 11.82, 0.56, 0.00000851, 0.00000063
trial0016294, SHVR, 0.0, 6, 0.00, 0.00, 0.00000579, 0.00000064, ZIC, 247.0, 34, 7.26, 0.35, 0.00000859, 0.00000059
trial0016295, SHVR, 0.0, 6, 0.00, 0.00, 0.00000591, 0.00000060, ZIC, 286.0, 34, 8.41, 0.35, 0.00000834, 0.00000058
trial0016296, SHVR, 0.0, 6, 0.00, 0.00, 0.00000595, 0.00000059, ZIC, 283.0, 34, 8.32, 0.47, 0.00000838, 0.00000060
trial0016297, SHVR, 0.0, 6, 0.00, 0.00, 0.00000610, 0.00000061, ZIC, 326.0, 34, 9.59, 0.47, 0.00000825, 0.00000059
trial0016298, SHVR, 0.0, 6, 0.00, 0.00, 0.00000551, 0.00000056, ZIC, 132.0, 34, 3.88, 0.24, 0.00000815, 0.00000055
trial0016299, SHVR, 0.0, 6, 0.00, 0.00, 0.00000647, 0.00000054, ZIC, 190.0, 34, 5.59, 0.29, 0.00000834, 0.00000058
trial0016300, SHVR, 38.5, 6, 6.42, 0.17, 0.00000653, 0.00000064, ZIC, 292.5, 34, 8.60, 0.44, 0.00000793, 0.00000054
trial0016301, SHVR, 0.0, 6, 0.00, 0.00, 0.00000590, 0.00000056, ZIC, 1205.0, 34, 35.44, 1.06, 0.00000824, 0.00000055
trial0016302, SHVR, 27.0, 6, 4.50, 0.17, 0.00000659, 0.00000068, ZIC, 925.0, 34, 27.21, 0.85, 0.00000831, 0.00000056
trial0016303, SHVR, 0.0, 6, 0.00, 0.00, 0.00000592, 0.00000062, ZIC, 1043.0, 34, 30.68, 0.88, 0.00000803, 0.00000054
trial0016304, SHVR, 76.5, 6, 12.75, 0.33, 0.00000590, 0.00000059, ZIC, 580.5, 34, 17.07, 0.59, 0.00000868, 0.00000060
trial0016305, SHVR, 0.0, 6, 0.00, 0.00, 0.00000636, 0.00000061, ZIC, 980.0, 34, 28.82, 0.88, 0.00000816, 0.00000056
trial0016306, SHVR, 0.0, 6, 0.00, 0.00, 0.00000575, 0.00000055, ZIC, 813.0, 34, 23.91, 0.82, 0.00000818, 0.00000057
trial0016307, SHVR, 0.0, 6, 0.00, 0.00, 0.00000586, 0.00000057, ZIC, 1198.0, 34, 35.24, 1.00, 0.00000874, 0.00000060
trial0016308, SHVR, 0.0, 6, 0.00, 0.00, 0.00000616, 0.00000060, ZIC, 703.0, 34, 20.68, 0.82, 0.00000827, 0.00000055
trial0016309, SHVR, 13.0, 6, 2.17, 0.17, 0.00000620, 0.00000063, ZIC, 917.0, 34, 26.97, 0.85, 0.00000845, 0.00000057
trial0016310, SHVR, 0.0, 6, 0.00, 0.00, 0.00000698, 0.00000071, ZIC, 1187.0, 34, 34.91, 0.94, 0.00000822, 0.00000056
trial0016311, SHVR, 0.0, 6, 0.00, 0.00, 0.00000642, 0.00000065, ZIC, 1042.0, 34, 30.65, 0.76, 0.00000805, 0.00000056
trial0016312, SHVR, 0.0, 6, 0.00, 0.00, 0.00000710, 0.00000074, ZIC, 943.0, 34, 27.74, 1.00, 0.00000826, 0.00000055
trial0016313, SHVR, 0.0, 6, 0.00, 0.00, 0.00000600, 0.00000062, ZIC, 1074.0, 34, 31.59, 0.94, 0.00000889, 0.00000060
trial0016314, SHVR, 0.0, 6, 0.00, 0.00, 0.00000659, 0.00000067, ZIC, 1220.0, 34, 35.88, 1.00, 0.00000835, 0.00000058
trial0016315, SHVR, 73.5, 6, 12.25, 0.17, 0.00000672, 0.00000071, ZIC, 1257.5, 34, 36.99, 0.97, 0.00000851, 0.00000059
trial0016316, SHVR, 0.0, 6, 0.00, 0.00, 0.00000715, 0.00000073, ZIC, 1031.0, 34, 30.32, 0.82, 0.00000862, 0.00000060
trial0016317, SHVR, 0.0, 6, 0.00, 0.00, 0.00000627, 0.00000066, ZIC, 761.0, 34, 22.38, 0.59, 0.00000857, 0.00000058
trial0016318, SHVR, 0.0, 6, 0.00, 0.00, 0.00000671, 0.00000063, ZIC, 553.0, 34, 16.26, 0.53, 0.00000902, 0.00000068
trial0016319, SHVR, 0.0, 6, 0.00, 0.00, 0.00000642, 0.00000064, ZIC, 746.0, 34, 21.94, 0.59, 0.00000871, 0.00000062
trial0016320, SHVR, 0.0, 6, 0.00, 0.00, 0.00000682, 0.00000070, ZIC, 1074.0, 34, 31.59, 1.00, 0.00000895, 0.00000062
trial0016321, SHVR, 0.0, 6, 0.00, 0.00, 0.00000597, 0.00000063, ZIC, 697.0, 34, 20.50, 0.65, 0.00000857, 0.00000058
trial0016322, SHVR, 0.0, 6, 0.00, 0.00, 0.00000597, 0.00000058, ZIC, 400.0, 34, 11.76, 0.47, 0.00000885, 0.00000063
trial0016323, SHVR, 0.0, 6, 0.00, 0.00, 0.00000606, 0.00000060, ZIC, 659.0, 34, 19.38, 0.53, 0.00000876, 0.00000062
trial0016324, SHVR, 0.0, 6, 0.00, 0.00, 0.00000662, 0.00000062, ZIC, 1172.0, 34, 34.47, 0.94, 0.00000891, 0.00000060
trial0016325, SHVR, 0.0, 6, 0.00, 0.00, 0.00000640, 0.00000062, ZIC, 549.0, 34, 16.15, 0.47, 0.00000885, 0.00000062
trial0016326, SHVR, 189.0, 6, 31.50, 0.50, 0.00000653, 0.00000062, ZIC, 513.0, 34, 15.09, 0.50, 0.00000965, 0.00000067
trial0016327, SHVR, 93.5, 6, 15.58, 0.50, 0.00000678, 0.00000066, ZIC, 814.5, 34, 23.96, 0.74, 0.00000907, 0.00000062
trial0016328, SHVR, 37.0, 6, 6.17, 0.17, 0.00000660, 0.00000063, ZIC, 642.0, 34, 18.88, 0.56, 0.00000892, 0.00000058
trial0016329, SHVR, 32.0, 6, 5.33, 0.17, 0.00000626, 0.00000059, ZIC, 1046.0, 34, 30.76, 0.85, 0.00000834, 0.00000057
trial0016330, SHVR, 12.0, 6, 2.00, 0.33, 0.00000662, 0.00000055, ZIC, 991.0, 34, 29.15, 0.94, 0.00000888, 0.00000055
trial0016331, SHVR, 18.5, 6, 3.08, 0.17, 0.00000706, 0.00000068, ZIC, 950.5, 34, 27.96, 0.85, 0.00000902, 0.00000062
trial0016332, SHVR, 36.5, 6, 6.08, 0.17, 0.00000702, 0.00000069, ZIC, 654.5, 34, 19.25, 0.56, 0.00000997, 0.00000092
trial0016333, SHVR, 70.0, 6, 11.67, 0.50, 0.00000574, 0.00000055, ZIC, 637.0, 34, 18.74, 0.56, 0.00000838, 0.00000108
trial0016334, SHVR, 0.0, 6, 0.00, 0.00, 0.00000613, 0.00000057, ZIC, 854.0, 34, 25.12, 0.76, 0.00000862, 0.00000060
trial0016335, SHVR, 0.0, 6, 0.00, 0.00, 0.00000803, 0.00000082, ZIC, 804.0, 34, 23.65, 0.71, 0.00000849, 0.00000056
trial0016336, SHVR, 0.0, 6, 0.00, 0.00, 0.00000616, 0.00000058, ZIC, 878.0, 34, 25.82, 0.76, 0.00000892, 0.00000058
trial0016337, SHVR, 60.5, 6, 10.08, 0.17, 0.00000678, 0.00000063, ZIC, 906.5, 34, 26.66, 0.79, 0.00000839, 0.00000055
trial0016338, SHVR, 45.5, 6, 7.58, 0.17, 0.00000652, 0.00000061, ZIC, 551.5, 34, 16.22, 0.56, 0.00000842, 0.00000058
trial0016339, SHVR, 85.0, 6, 14.17, 0.33, 0.00000609, 0.00000062, ZIC, 602.0, 34, 17.71, 0.47, 0.00000864, 0.00000057
trial0016340, SHVR, 0.0, 6, 0.00, 0.00, 0.00000608, 0.00000057, ZIC, 808.0, 34, 23.76, 0.65, 0.00000897, 0.00000059
trial0016341, SHVR, 0.0, 6, 0.00, 0.00, 0.00000674, 0.00000067, ZIC, 849.0, 34, 24.97, 0.65, 0.00000848, 0.00000057
trial0016342, SHVR, 0.0, 6, 0.00, 0.00, 0.00000585, 0.00000064, ZIC, 1072.0, 34, 31.53, 0.94, 0.00000844, 0.00000056
trial0016343, SHVR, 102.5, 6, 17.08, 0.50, 0.00000659, 0.00000062, ZIC, 982.5, 34, 28.90, 0.79, 0.00000824, 0.00000056
trial0016344, SHVR, 163.0, 6, 27.17, 0.50, 0.00000555, 0.00000051, ZIC, 809.0, 34, 23.79, 0.79, 0.00000785, 0.00000054
trial0016345, SHVR, 0.0, 6, 0.00, 0.00, 0.00000558, 0.00000054, ZIC, 826.0, 34, 24.29, 0.76, 0.00000882, 0.00000057
trial0016346, SHVR, 0.0, 6, 0.00, 0.00, 0.00000732, 0.00000072, ZIC, 828.0, 34, 24.35, 0.71, 0.00000909, 0.00000059
trial0016347, SHVR, 78.5, 6, 13.08, 0.50, 0.00000645, 0.00000060, ZIC, 1082.5, 34, 31.84, 0.91, 0.00000780, 0.00000054
trial0016348, SHVR, 0.0, 6, 0.00, 0.00, 0.00000597, 0.00000058, ZIC, 1025.0, 34, 30.15, 0.94, 0.00000840, 0.00000062
trial0016349, SHVR, 0.0, 6, 0.00, 0.00, 0.00000664, 0.00000058, ZIC, 671.0, 34, 19.74, 0.59, 0.00000845, 0.00000058
trial0016350, SHVR, 23.75, 6, 3.96, 0.17, 0.00000559, 0.00000057, ZIC, 807.25, 34, 23.74, 0.68, 0.00000864, 0.00000061
trial0016351, SHVR, 0.0, 6, 0.00, 0.00, 0.00000605, 0.00000063, ZIC, 1010.0, 34, 29.71, 0.88, 0.00000847, 0.00000061
trial0016352, SHVR, 45.5, 6, 7.58, 0.17, 0.00000624, 0.00000060, ZIC, 1037.5, 34, 30.51, 0.97, 0.00000842, 0.00000060
trial0016353, SHVR, 162.5, 6, 27.08, 0.67, 0.00000599, 0.00000055, ZIC, 1212.5, 34, 35.66, 1.06, 0.00000854, 0.00000058
trial0016354, SHVR, 0.0, 6, 0.00, 0.00, 0.00000585, 0.00000062, ZIC, 683.0, 34, 20.09, 0.53, 0.00000848, 0.00000060
trial0016355, SHVR, 129.0, 6, 21.50, 1.00, 0.00000618, 0.00000062, ZIC, 827.0, 34, 24.32, 0.82, 0.00000827, 0.00000057
trial0016356, SHVR, 0.0, 6, 0.00, 0.00, 0.00000624, 0.00000054, ZIC, 1133.0, 34, 33.32, 0.88, 0.00000820, 0.00000058
trial0016357, SHVR, 0.0, 6, 0.00, 0.00, 0.00000576, 0.00000058, ZIC, 1333.0, 34, 39.21, 1.12, 0.00000823, 0.00000057
trial0016358, SHVR, 20.5, 6, 3.42, 0.33, 0.00000632, 0.00000061, ZIC, 679.5, 34, 19.99, 0.53, 0.00000867, 0.00000057
trial0016359, SHVR, 21.5, 6, 3.58, 0.17, 0.00000577, 0.00000058, ZIC, 905.5, 34, 26.63, 0.74, 0.00000835, 0.00000057
trial0016360, SHVR, 23.5, 6, 3.92, 0.17, 0.00000593, 0.00000056, ZIC, 992.5, 34, 29.19, 0.79, 0.00000760, 0.00000051
trial0016361, SHVR, 27.0, 6, 4.50, 0.33, 0.00000566, 0.00000057, ZIC, 1012.0, 34, 29.76, 0.82, 0.00000811, 0.00000054
trial0016362, SHVR, 0.0, 6, 0.00, 0.00, 0.00000600, 0.00000060, ZIC, 627.0, 34, 18.44, 0.65, 0.00000819, 0.00000056
trial0016363, SHVR, 93.5, 6, 15.58, 0.50, 0.00000638, 0.00000060, ZIC, 867.5, 34, 25.51, 0.68, 0.00000799, 0.00000057
trial0016364, SHVR, 108.0, 6, 18.00, 0.50, 0.00000583, 0.00000057, ZIC, 833.0, 34, 24.50, 0.74, 0.00000842, 0.00000056
trial0016365, SHVR, 21.0, 6, 3.50, 0.33, 0.00000537, 0.00000057, ZIC, 794.0, 34, 23.35, 0.76, 0.00000814, 0.00000057
trial0016366, SHVR, 175.75, 6, 29.29, 0.83, 0.00000585, 0.00000060, ZIC, 1006.25, 34, 29.60, 0.85, 0.00000849, 0.00000056
trial0016367, SHVR, 65.5, 6, 10.92, 0.17, 0.00000588, 0.00000059, ZIC, 1410.5, 34, 41.49, 1.21, 0.00000826, 0.00000058
trial0016368, SHVR, 0.0, 6, 0.00, 0.17, 0.00000533, 0.00000053, ZIC, 511.0, 34, 15.03, 0.50, 0.00000771, 0.00000049
trial0016369, SHVR, 0.0, 6, 0.00, 0.00, 0.00000605, 0.00000057, ZIC, 1122.0, 34, 33.00, 1.00, 0.00000820, 0.00000053
trial0016370, SHVR, 0.0, 6, 0.00, 0.00, 0.00000592, 0.00000060, ZIC, 915.0, 34, 26.91, 0.71, 0.00000817, 0.00000056
trial0016371, SHVR, 20.5, 6, 3.42, 0.17, 0.00000572, 0.00000057, ZIC, 883.5, 34, 25.99, 0.79, 0.00000881, 0.00000055
trial0016372, SHVR, 0.0, 6, 0.00, 0.00, 0.00000601, 0.00000059, ZIC, 631.0, 34, 18.56, 0.59, 0.00000858, 0.00000060
trial0016373, SHVR, 59.0, 6, 9.83, 0.33, 0.00000679, 0.00000061, ZIC, 1038.0, 34, 30.53, 0.94, 0.00000826, 0.00000054
trial0016374, SHVR, 51.5, 6, 8.58, 0.17, 0.00000582, 0.00000058, ZIC, 728.5, 34, 21.43, 0.68, 0.00000922, 0.00000057
trial0016375, SHVR, 0.0, 6, 0.00, 0.00, 0.00000652, 0.00000075, ZIC, 1014.0, 34, 29.82, 0.94, 0.00000889, 0.00000073
trial0016376, SHVR, 24.5, 6, 4.08, 0.33, 0.00000728, 0.00000074, ZIC, 859.5, 34, 25.28, 0.71, 0.00000963, 0.00000063
trial0016377, SHVR, 14.5, 6, 2.42, 0.17, 0.00000708, 0.00000068, ZIC, 863.5, 34, 25.40, 0.74, 0.00000883, 0.00000062
trial0016378, SHVR, 0.0, 6, 0.00, 0.00, 0.00000587, 0.00000058, ZIC, 833.0, 34, 24.50, 0.76, 0.00000864, 0.00000059
trial0016379, SHVR, 0.0, 6, 0.00, 0.00, 0.00000601, 0.00000064, ZIC, 782.0, 34, 23.00, 0.59, 0.00000901, 0.00000089
trial0016380, SHVR, 24.0, 6, 4.00, 0.33, 0.00000654, 0.00000063, ZIC, 734.0, 34, 21.59, 0.59, 0.00000881, 0.00000060
trial0016381, SHVR, 44.0, 6, 7.33, 0.33, 0.00000571, 0.00000052, ZIC, 804.0, 34, 23.65, 0.65, 0.00000819, 0.00000056
trial0016382, SHVR, 0.0, 6, 0.00, 0.00, 0.00000610, 0.00000055, ZIC, 951.0, 34, 27.97, 0.76, 0.00000943, 0.00000058
trial0016383, SHVR, 0.0, 6, 0.00, 0.00, 0.00000590, 0.00000055, ZIC, 1087.0, 34, 31.97, 0.82, 0.00000867, 0.00000061
trial0016384, SHVR, 0.0, 6, 0.00, 0.00, 0.00000577, 0.00000057, ZIC, 1001.0, 34, 29.44, 0.76, 0.00000877, 0.00000059
trial0016385, SHVR, 0.0, 6, 0.00, 0.00, 0.00000582, 0.00000057, ZIC, 719.0, 34, 21.15, 0.59, 0.00000879, 0.00000061
trial0016386, SHVR, 0.0, 6, 0.00, 0.00, 0.00000691, 0.00000058, ZIC, 1438.0, 34, 42.29, 1.18, 0.00001003, 0.00000056
trial0016387, SHVR, 0.0, 6, 0.00, 0.00, 0.00000600, 0.00000057, ZIC, 1038.0, 34, 30.53, 0.88, 0.00000858, 0.00000059
trial0016388, SHVR, 0.0, 6, 0.00, 0.00, 0.00000645, 0.00000060, ZIC, 695.0, 34, 20.44, 0.71, 0.00000840, 0.00000058
trial0016389, SHVR, 0.0, 6, 0.00, 0.00, 0.00000568, 0.00000056, ZIC, 675.0, 34, 19.85, 0.71, 0.00000823, 0.00000058
trial0016390, SHVR, 0.0, 6, 0.00, 0.00, 0.00000589, 0.00000065, ZIC, 864.0, 34, 25.41, 0.76, 0.00000880, 0.00000061
trial0016391, SHVR, 167.0, 6, 27.83, 1.00, 0.00000604, 0.00000067, ZIC, 581.0, 34, 17.09, 0.53, 0.00000845, 0.00000059
trial0016392, SHVR, 27.0, 6, 4.50, 0.17, 0.00000575, 0.00000055, ZIC, 786.0, 34, 23.12, 0.79, 0.00000848, 0.00000057
trial0016393, SHVR, 0.0, 6, 0.00, 0.00, 0.00000686, 0.00000062, ZIC, 1050.0, 34, 30.88, 0.94, 0.00000806, 0.00000054
trial0016394, SHVR, 0.0, 6, 0.00, 0.00, 0.00000560, 0.00000057, ZIC, 867.0, 34, 25.50, 0.76, 0.00000859, 0.00000057
trial0016395, SHVR, 0.0, 6, 0.00, 0.00, 0.00000553, 0.00000053, ZIC, 810.0, 34, 23.82, 0.71, 0.00000828, 0.00000057
trial0016396, SHVR, 0.0, 6, 0.00, 0.00, 0.00000624, 0.00000057, ZIC, 1060.0, 34, 31.18, 0.88, 0.00000850, 0.00000052
trial0016397, SHVR, 49.5, 6, 8.25, 0.17, 0.00000603, 0.00000058, ZIC, 1131.5, 34, 33.28, 0.91, 0.00000815, 0.00000055
trial0016398, SHVR, 0.0, 6, 0.00, 0.17, 0.00000685, 0.00000066, ZIC, 392.0, 34, 11.53, 0.26, 0.00000838, 0.00000057
trial0016399, SHVR, 14.5, 6, 2.42, 0.17, 0.00000651, 0.00000065, ZIC, 572.5, 34, 16.84, 0.56, 0.00000809, 0.00000058
trial0016400, SHVR, 54.0, 6, 9.00, 0.17, 0.00000581, 0.00000057, ZIC, 1033.0, 34, 30.38, 0.85, 0.00000839, 0.00000059
trial0016401, SHVR, 0.0, 6, 0.00, 0.00, 0.00000592, 0.00000057, ZIC, 570.0, 34, 16.76, 0.59, 0.00000848, 0.00000057
trial0016402, SHVR, 55.5, 6, 9.25, 0.33, 0.00000693, 0.00000064, ZIC, 686.5, 34, 20.19, 0.65, 0.00000826, 0.00000055
trial0016403, SHVR, 0.0, 6, 0.00, 0.00, 0.00000730, 0.00000066, ZIC, 979.0, 34, 28.79, 0.94, 0.00000789, 0.00000053
trial0016404, SHVR, 0.0, 6, 0.00, 0.00, 0.00000562, 0.00000062, ZIC, 560.0, 34, 16.47, 0.53, 0.00000827, 0.00000056
trial0016405, SHVR, 0.0, 6, 0.00, 0.00, 0.00000556, 0.00000054, ZIC, 688.0, 34, 20.24, 0.59, 0.00000819, 0.00000056
trial0016406, SHVR, 0.0, 6, 0.00, 0.00, 0.00000527, 0.00000050, ZIC, 374.0, 34, 11.00, 0.35, 0.00000821, 0.00000052
trial0016407, SHVR, 0.0, 6, 0.00, 0.00, 0.00000562, 0.00000053, ZIC, 907.0, 34, 26.68, 0.82, 0.00000817, 0.00000053
trial0016408, SHVR, 0.0, 6, 0.00, 0.00, 0.00000548, 0.00000048, ZIC, 512.0, 34, 15.06, 0.53, 0.00000811, 0.00000059
trial0016409, SHVR, 0.0, 6, 0.00, 0.00, 0.00000581, 0.00000058, ZIC, 317.0, 34, 9.32, 0.29, 0.00000749, 0.00000049
trial0016410, SHVR, 0.0, 6, 0.00, 0.00, 0.00000575, 0.00000073, ZIC, 839.0, 34, 24.68, 0.76, 0.00000798, 0.00000053
trial0016411, SHVR, 0.0, 6, 0.00, 0.00, 0.00000566, 0.00000051, ZIC, 793.0, 34, 23.32, 0.65, 0.00000827, 0.00000058
trial0016412, SHVR, 0.0, 6, 0.00, 0.00, 0.00000621, 0.00000061, ZIC, 778.0, 34, 22.88, 0.65, 0.00000797, 0.00000054
trial0016413, SHVR, 0.0, 6, 0.00, 0.00, 0.00000595, 0.00000058, ZIC, 935.0, 34, 27.50, 0.76, 0.00000811, 0.00000052
trial0016414, SHVR, 0.0, 6, 0.00, 0.00, 0.00000529, 0.00000049, ZIC, 550.0, 34, 16.18, 0.59, 0.00000813, 0.00000054
trial0016415, SHVR, 0.0, 6, 0.00, 0.00, 0.00000622, 0.00000058, ZIC, 1094.0, 34, 32.18, 1.06, 0.00000824, 0.00000051
trial0016416, SHVR, 0.0, 6, 0.00, 0.00, 0.00000702, 0.00000056, ZIC, 845.0, 34, 24.85, 0.71, 0.00000797, 0.00000052
trial0016417, SHVR, 0.0, 6, 0.00, 0.00, 0.00000618, 0.00000062, ZIC, 993.0, 34, 29.21, 0.76, 0.00000784, 0.00000054
trial0016418, SHVR, 0.0, 6, 0.00, 0.00, 0.00000549, 0.00000054, ZIC, 849.0, 34, 24.97, 0.82, 0.00000804, 0.00000053
trial0016419, SHVR, 0.0, 6, 0.00, 0.00, 0.00000540, 0.00000055, ZIC, 1177.0, 34, 34.62, 1.06, 0.00000797, 0.00000055
trial0016420, SHVR, 47.5, 6, 7.92, 0.17, 0.00000611, 0.00000053, ZIC, 794.5, 34, 23.37, 0.62, 0.00000820, 0.00000060
trial0016421, SHVR, 90.75, 6, 15.12, 0.33, 0.00000536, 0.00000049, ZIC, 701.25, 34, 20.62, 0.71, 0.00000823, 0.00000054
trial0016422, SHVR, 28.5, 6, 4.75, 0.17, 0.00000545, 0.00000057, ZIC, 758.5, 34, 22.31, 0.74, 0.00000792, 0.00000054
trial0016423, SHVR, 24.5, 6, 4.08, 0.17, 0.00000643, 0.00000084, ZIC, 401.5, 34, 11.81, 0.44, 0.00000800, 0.00000053
trial0016424, SHVR, 188.0, 6, 31.33, 0.67, 0.00000600, 0.00000055, ZIC, 707.0, 34, 20.79, 0.76, 0.00000819, 0.00000052
trial0016425, SHVR, 0.0, 6, 0.00, 0.00, 0.00000589, 0.00000059, ZIC, 588.0, 34, 17.29, 0.65, 0.00000827, 0.00000058
trial0016426, SHVR, 0.0, 6, 0.00, 0.00, 0.00000635, 0.00000063, ZIC, 683.0, 34, 20.09, 0.65, 0.00000857, 0.00000057
trial0016427, SHVR, 151.75, 6, 25.29, 0.83, 0.00000571, 0.00000058, ZIC, 902.25, 34, 26.54, 0.74, 0.00000821, 0.00000053
trial0016428, SHVR, 0.0, 6, 0.00, 0.00, 0.00000570, 0.00000051, ZIC, 488.0, 34, 14.35, 0.53, 0.00000818, 0.00000054
trial0016429, SHVR, 0.0, 6, 0.00, 0.00, 0.00000534, 0.00000061, ZIC, 537.0, 34, 15.79, 0.53, 0.00000850, 0.00000058
trial0016430, SHVR, 59.0, 6, 9.83, 0.33, 0.00000559, 0.00000057, ZIC, 924.0, 34, 27.18, 0.82, 0.00000865, 0.00000058
trial0016431, SHVR, 22.0, 6, 3.67, 0.17, 0.00000613, 0.00000061, ZIC, 862.0, 34, 25.35, 0.79, 0.00000818, 0.00000056
trial0016432, SHVR, 0.0, 6, 0.00, 0.00, 0.00000625, 0.00000056, ZIC, 908.0, 34, 26.71, 0.82, 0.00000846, 0.00000058
trial0016433, SHVR, 0.0, 6, 0.00, 0.00, 0.00000709, 0.00000067, ZIC, 523.0, 34, 15.38, 0.47, 0.00000829, 0.00000056
trial0016434, SHVR, 0.0, 6, 0.00, 0.00, 0.00000589, 0.00000057, ZIC, 753.0, 34, 22.15, 0.65, 0.00000849, 0.00000058
trial0016435, SHVR, 0.0, 6, 0.00, 0.00, 0.00000661, 0.00000062, ZIC, 1132.0, 34, 33.29, 0.94, 0.00001006, 0.00000060
trial0016436, SHVR, 0.0, 6, 0.00, 0.00, 0.00000724, 0.00000075, ZIC, 531.0, 34, 15.62, 0.47, 0.00000897, 0.00000062
trial0016437, SHVR, 0.0, 6, 0.00, 0.00, 0.00000633, 0.00000061, ZIC, 667.0, 34, 19.62, 0.65, 0.00000892, 0.00000059
trial0016438, SHVR, 19.0, 6, 3.17, 0.33, 0.00000563, 0.00000056, ZIC, 578.0, 34, 17.00, 0.59, 0.00000807, 0.00000054
trial0016439, SHVR, 144.5, 6, 24.08, 0.50, 0.00000572, 0.00000052, ZIC, 609.5, 34, 17.93, 0.68, 0.00000865, 0.00000051
trial0016440, SHVR, 0.0, 6, 0.00, 0.00, 0.00000615, 0.00000060, ZIC, 655.0, 34, 19.26, 0.59, 0.00000858, 0.00000061
trial0016441, SHVR, 135.5, 6, 22.58, 0.67, 0.00000564, 0.00000053, ZIC, 441.5, 34, 12.99, 0.35, 0.00000789, 0.00000055
trial0016442, SHVR, 0.0, 6, 0.00, 0.00, 0.00000584, 0.00000058, ZIC, 874.0, 34, 25.71, 0.65, 0.00000866, 0.00000059
trial0016443, SHVR, 98.5, 6, 16.42, 0.67, 0.00000555, 0.00000055, ZIC, 1033.5, 34, 30.40, 0.88, 0.00000822, 0.00000054
trial0016444, SHVR, 0.0, 6, 0.00, 0.00, 0.00000586, 0.00000055, ZIC, 693.0, 34, 20.38, 0.59, 0.00000807, 0.00000055
trial0016445, SHVR, 0.0, 6, 0.00, 0.00, 0.00000576, 0.00000062, ZIC, 900.0, 34, 26.47, 0.76, 0.00000854, 0.00000057
trial0016446, SHVR, 0.0, 6, 0.00, 0.00, 0.00000576, 0.00000058, ZIC, 917.0, 34, 26.97, 0.76, 0.00000840, 0.00000056
trial0016447, SHVR, 0.0, 6, 0.00, 0.00, 0.00000593, 0.00000054, ZIC, 773.0, 34, 22.74, 0.82, 0.00000853, 0.00000059
trial0016448, SHVR, 0.0, 6, 0.00, 0.00, 0.00000628, 0.00000083, ZIC, 693.0, 34, 20.38, 0.59, 0.00000887, 0.00000056
trial0016449, SHVR, 28.0, 6, 4.67, 0.17, 0.00000586, 0.00000064, ZIC, 669.0, 34, 19.68, 0.74, 0.00000793, 0.00000051
trial0016450, SHVR, 0.0, 6, 0.00, 0.00, 0.00000634, 0.00000059, ZIC, 714.0, 34, 21.00, 0.65, 0.00000874, 0.00000059
trial0016451, SHVR, 0.0, 6, 0.00, 0.00, 0.00000552, 0.00000059, ZIC, 699.0, 34, 20.56, 0.65, 0.00000828, 0.00000057
trial0016452, SHVR, 0.0, 6, 0.00, 0.00, 0.00000597, 0.00000094, ZIC, 456.0, 34, 13.41, 0.41, 0.00000883, 0.00000057
trial0016453, SHVR, 15.5, 6, 2.58, 0.17, 0.00000647, 0.00000063, ZIC, 956.5, 34, 28.13, 0.79, 0.00000842, 0.00000059
trial0016454, SHVR, 0.0, 6, 0.00, 0.00, 0.00000602, 0.00000058, ZIC, 607.0, 34, 17.85, 0.53, 0.00000865, 0.00000064
trial0016455, SHVR, 0.0, 6, 0.00, 0.00, 0.00000594, 0.00000057, ZIC, 1108.0, 34, 32.59, 0.94, 0.00000864, 0.00000059
trial0016456, SHVR, 5.5, 6, 0.92, 0.17, 0.00000591, 0.00000061, ZIC, 783.5, 34, 23.04, 0.79, 0.00000869, 0.00000057
trial0016457, SHVR, 23.5, 6, 3.92, 0.17, 0.00000599, 0.00000060, ZIC, 458.5, 34, 13.49, 0.56, 0.00000792, 0.00000054
trial0016458, SHVR, 21.5, 6, 3.58, 0.17, 0.00000697, 0.00000067, ZIC, 810.5, 34, 23.84, 0.68, 0.00000854, 0.00000057
trial0016459, SHVR, 84.0, 6, 14.00, 0.50, 0.00000590, 0.00000056, ZIC, 990.0, 34, 29.12, 0.91, 0.00000859, 0.00000056
trial0016460, SHVR, 25.5, 6, 4.25, 0.17, 0.00000853, 0.00000058, ZIC, 1016.5, 34, 29.90, 0.97, 0.00000809, 0.00000055
trial0016461, SHVR, 5.0, 6, 0.83, 0.17, 0.00000587, 0.00000053, ZIC, 950.0, 34, 27.94, 0.74, 0.00000793, 0.00000054
trial0016462, SHVR, 75.0, 6, 12.50, 0.17, 0.00000629, 0.00000069, ZIC, 969.0, 34, 28.50, 0.79, 0.00000817, 0.00000059
trial0016463, SHVR, 0.0, 6, 0.00, 0.00, 0.00000664, 0.00000056, ZIC, 548.0, 34, 16.12, 0.53, 0.00000836, 0.00000055
trial0016464, SHVR, 0.0, 6, 0.00, 0.00, 0.00000727, 0.00000065, ZIC, 787.0, 34, 23.15, 0.71, 0.00000864, 0.00000059
trial0016465, SHVR, 31.5, 6, 5.25, 0.17, 0.00000578, 0.00000057, ZIC, 891.5, 34, 26.22, 0.74, 0.00000972, 0.00000056
trial0016466, SHVR, 16.25, 6, 2.71, 0.17, 0.00000614, 0.00000064, ZIC, 856.75, 34, 25.20, 0.79, 0.00000875, 0.00000057
trial0016467, SHVR, 25.0, 6, 4.17, 0.17, 0.00000581, 0.00000053, ZIC, 742.0, 34, 21.82, 0.74, 0.00000868, 0.00000085
trial0016468, SHVR, 70.5, 6, 11.75, 0.33, 0.00000612, 0.00000059, ZIC, 601.5, 34, 17.69, 0.59, 0.00000886, 0.00000060
trial0016469, SHVR, 0.0, 6, 0.00, 0.00, 0.00000639, 0.00000057, ZIC, 786.0, 34, 23.12, 0.76, 0.00000870, 0.00000057
trial0016470, SHVR, 0.0, 6, 0.00, 0.00, 0.00000669, 0.00000067, ZIC, 410.0, 34, 12.06, 0.53, 0.00000901, 0.00000062
trial0016471, SHVR, 71.5, 6, 11.92, 0.50, 0.00000621, 0.00000053, ZIC, 1196.5, 34, 35.19, 1.15, 0.00001017, 0.00000068
trial0016472, SHVR, 5.5, 6, 0.92, 0.17, 0.00000596, 0.00000056, ZIC, 1033.5, 34, 30.40, 0.91, 0.00000871, 0.00000056
trial0016473, SHVR, 0.0, 6, 0.00, 0.00, 0.00000551, 0.00000067, ZIC, 591.0, 34, 17.38, 0.59, 0.00000784, 0.00000053
trial0016474, SHVR, 3.5, 6, 0.58, 0.17, 0.00000691, 0.00000077, ZIC, 811.5, 34, 23.87, 0.79, 0.00000863, 0.00000061
trial0016475, SHVR, 25.0, 6, 4.17, 0.17, 0.00000655, 0.00000061, ZIC, 1176.0, 34, 34.59, 1.03, 0.00000845, 0.00000059
trial0016476, SHVR, 18.0, 6, 3.00, 0.17, 0.00000567, 0.00000057, ZIC, 875.0, 34, 25.74, 0.85, 0.00000863, 0.00000060
trial0016477, SHVR, 49.0, 6, 8.17, 0.17, 0.00000591, 0.00000057, ZIC, 843.0, 34, 24.79, 0.68, 0.00000816, 0.00000057
trial0016478, SHVR, 4.0, 6, 0.67, 0.17, 0.00000546, 0.00000051, ZIC, 735.0, 34, 21.62, 0.68, 0.00000756, 0.00000049
trial0016479, SHVR, 21.5, 6, 3.58, 0.33, 0.00000588, 0.00000057, ZIC, 468.5, 34, 13.78, 0.41, 0.00000867, 0.00000075
trial0016480, SHVR, 11.0, 6, 1.83, 0.17, 0.00000603, 0.00000058, ZIC, 749.0, 34, 22.03, 0.68, 0.00000826, 0.00000060
trial0016481, SHVR, 0.0, 6, 0.00, 0.00, 0.00000568, 0.00000053, ZIC, 607.0, 34, 17.85, 0.53, 0.00000819, 0.00000125
trial0016482, SHVR, 0.0, 6, 0.00, 0.00, 0.00000650, 0.00000062, ZIC, 645.0, 34, 18.97, 0.59, 0.00000874, 0.00000059
trial0016483, SHVR, 2.0, 6, 0.33, 0.17, 0.00000650, 0.00000069, ZIC, 601.0, 34, 17.68, 0.56, 0.00000817, 0.00000057
trial0016484, SHVR, 11.0, 6, 1.83, 0.17, 0.00000581, 0.00000058, ZIC, 750.0, 34, 22.06, 0.79, 0.00000842, 0.00000056
trial0016485, SHVR, 0.0, 6, 0.00, 0.00, 0.00000672, 0.00000072, ZIC, 521.0, 34, 15.32, 0.59, 0.00000841, 0.00000061
trial0016486, SHVR, 155.0, 6, 25.83, 0.67, 0.00000578, 0.00000057, ZIC, 817.0, 34, 24.03, 0.82, 0.00000931, 0.00000057
trial0016487, SHVR, 39.75, 6, 6.62, 0.17, 0.00000588, 0.00000062, ZIC, 986.25, 34, 29.01, 0.79, 0.00000824, 0.00000057
trial0016488, SHVR, 0.0, 6, 0.00, 0.00, 0.00000602, 0.00000061, ZIC, 761.0, 34, 22.38, 0.65, 0.00000860, 0.00000056
trial0016489, SHVR, 61.5, 6, 10.25, 0.17, 0.00000556, 0.00000055, ZIC, 915.5, 34, 26.93, 0.85, 0.00000840, 0.00000059
trial0016490, SHVR, 131.5, 6, 21.92, 0.50, 0.00000626, 0.00000064, ZIC, 630.5, 34, 18.54, 0.62, 0.00000875, 0.00000061
trial0016491, SHVR, 28.5, 6, 4.75, 0.17, 0.00000576, 0.00000057, ZIC, 653.5, 34, 19.22, 0.62, 0.00000806, 0.00000055
trial0016492, SHVR, 22.5, 6, 3.75, 0.17, 0.00000584, 0.00000059, ZIC, 853.5, 34, 25.10, 0.74, 0.00000869, 0.00000058
trial0016493, SHVR, 0.0, 6, 0.00, 0.00, 0.00000552, 0.00000062, ZIC, 912.0, 34, 26.82, 0.82, 0.00000849, 0.00000058
trial0016494, SHVR, 0.0, 6, 0.00, 0.00, 0.00000677, 0.00000060, ZIC, 582.0, 34, 17.12, 0.53, 0.00000851, 0.00000058
trial0016495, SHVR, 0.0, 6, 0.00, 0.00, 0.00000675, 0.00000068, ZIC, 435.0, 34, 12.79, 0.41, 0.00000923, 0.00000066
trial0016496, SHVR, 11.0, 6, 1.83, 0.17, 0.00000660, 0.00000066, ZIC, 385.0, 34, 11.32, 0.38, 0.00000849, 0.00000060
trial0016497, SHVR, 142.5, 6, 23.75, 0.50, 0.00000609, 0.00000057, ZIC, 757.5, 34, 22.28, 0.68, 0.00000864, 0.00000058
trial0016498, SHVR, 76.0, 6, 12.67, 0.33, 0.00000616, 0.00000061, ZIC, 765.0, 34, 22.50, 0.65, 0.00000980, 0.00000057
trial0016499, SHVR, 0.0, 6, 0.00, 0.00, 0.00000639, 0.00000059, ZIC, 857.0, 34, 25.21, 0.76, 0.00000837, 0.00000057
trial0016500, SHVR, 0.0, 6, 0.00, 0.00, 0.00000614, 0.00000058, ZIC, 747.0, 34, 21.97, 0.76, 0.00000844, 0.00000060
trial0016501, SHVR, 0.0, 6, 0.00, 0.00, 0.00000595, 0.00000058, ZIC, 560.0, 34, 16.47, 0.65, 0.00000842, 0.00000057
trial0016502, SHVR, 0.0, 6, 0.00, 0.00, 0.00000674, 0.00000071, ZIC, 554.0, 34, 16.29, 0.65, 0.00000838, 0.00000059
trial0016503, SHVR, 0.0, 6, 0.00, 0.00, 0.00000677, 0.00000068, ZIC, 623.0, 34, 18.32, 0.65, 0.00000856, 0.00000058
trial0016504, SHVR, 1.5, 6, 0.25, 0.17, 0.00000605, 0.00000059, ZIC, 639.5, 34, 18.81, 0.68, 0.00001079, 0.00000058
trial0016505, SHVR, 31.5, 6, 5.25, 0.17, 0.00000582, 0.00000055, ZIC, 314.5, 34, 9.25, 0.44, 0.00000832, 0.00000054
trial0016506, SHVR, 0.0, 6, 0.00, 0.00, 0.00000655, 0.00000065, ZIC, 512.0, 34, 15.06, 0.59, 0.00000883, 0.00000061
trial0016507, SHVR, 0.0, 6, 0.00, 0.00, 0.00000586, 0.00000061, ZIC, 416.0, 34, 12.24, 0.53, 0.00000876, 0.00000059
trial0016508, SHVR, 47.0, 6, 7.83, 0.33, 0.00000561, 0.00000054, ZIC, 431.0, 34, 12.68, 0.53, 0.00000841, 0.00000058
trial0016509, SHVR, 7.0, 6, 1.17, 0.17, 0.00001129, 0.00000056, ZIC, 444.0, 34, 13.06, 0.56, 0.00000835, 0.00000056
trial0016510, SHVR, 0.0, 6, 0.00, 0.00, 0.00000585, 0.00000059, ZIC, 683.0, 34, 20.09, 0.82, 0.00000896, 0.00000056
trial0016511, SHVR, 0.0, 6, 0.00, 0.00, 0.00000595, 0.00000057, ZIC, 704.0, 34, 20.71, 0.76, 0.00000840, 0.00000057
trial0016512, SHVR, 41.0, 6, 6.83, 0.33, 0.00000603, 0.00000071, ZIC, 740.0, 34, 21.76, 0.76, 0.00000886, 0.00000063
trial0016513, SHVR, 18.5, 6, 3.08, 0.50, 0.00000590, 0.00000056, ZIC, 397.5, 34, 11.69, 0.44, 0.00000893, 0.00000058
trial0016514, SHVR, 20.0, 6, 3.33, 0.17, 0.00000614, 0.00000062, ZIC, 656.0, 34, 19.29, 0.74, 0.00000931, 0.00000061
trial0016515, SHVR, 0.0, 6, 0.00, 0.00, 0.00000659, 0.00000066, ZIC, 515.0, 34, 15.15, 0.59, 0.00000852, 0.00000061
trial0016516, SHVR, 0.0, 6, 0.00, 0.00, 0.00000593, 0.00000060, ZIC, 595.0, 34, 17.50, 0.59, 0.00000866, 0.00000062
trial0016517, SHVR, 0.0, 6, 0.00, 0.00, 0.00000599, 0.00000062, ZIC, 460.0, 34, 13.53, 0.65, 0.00000796, 0.00000054
trial0016518, SHVR, 0.0, 6, 0.00, 0.00, 0.00000634, 0.00000061, ZIC, 520.0, 34, 15.29, 0.59, 0.00000879, 0.00000060
trial0016519, SHVR, 0.0, 6, 0.00, 0.00, 0.00000648, 0.00000059, ZIC, 439.0, 34, 12.91, 0.59, 0.00000866, 0.00000059
trial0016520, SHVR, 0.0, 6, 0.00, 0.00, 0.00000733, 0.00000072, ZIC, 444.0, 34, 13.06, 0.53, 0.00000912, 0.00000060
trial0016521, SHVR, 0.0, 6, 0.00, 0.00, 0.00000628, 0.00000061, ZIC, 412.0, 34, 12.12, 0.53, 0.00000903, 0.00000061
trial0016522, SHVR, 7.0, 6, 1.17, 0.17, 0.00000677, 0.00000065, ZIC, 478.0, 34, 14.06, 0.50, 0.00000939, 0.00000064
trial0016523, SHVR, 0.0, 6, 0.00, 0.00, 0.00000728, 0.00000069, ZIC, 670.0, 34, 19.71, 0.71, 0.00000865, 0.00000058
trial0016524, SHVR, 18.0, 6, 3.00, 0.17, 0.00000709, 0.00000080, ZIC, 462.0, 34, 13.59, 0.68, 0.00000893, 0.00000058
trial0016525, SHVR, 0.0, 6, 0.00, 0.00, 0.00000598, 0.00000052, ZIC, 672.0, 34, 19.76, 0.76, 0.00000818, 0.00000053
trial0016526, SHVR, 0.0, 6, 0.00, 0.00, 0.00000675, 0.00000064, ZIC, 461.0, 34, 13.56, 0.53, 0.00000818, 0.00000056
trial0016527, SHVR, 0.0, 6, 0.00, 0.00, 0.00000619, 0.00000063, ZIC, 458.0, 34, 13.47, 0.47, 0.00000827, 0.00000056
trial0016528, SHVR, 142.75, 6, 23.79, 1.17, 0.00000608, 0.00000060, ZIC, 328.25, 34, 9.65, 0.44, 0.00000861, 0.00000060
trial0016529, SHVR, 31.5, 6, 5.25, 0.17, 0.00000643, 0.00000060, ZIC, 717.5, 34, 21.10, 0.68, 0.00000863, 0.00000058
trial0016530, SHVR, 0.0, 6, 0.00, 0.00, 0.00000567, 0.00000060, ZIC, 401.0, 34, 11.79, 0.47, 0.00000839, 0.00000057
trial0016531, SHVR, 44.0, 6, 7.33, 0.17, 0.00000589, 0.00000052, ZIC, 655.0, 34, 19.26, 0.68, 0.00000837, 0.00000058
trial0016532, SHVR, 0.0, 6, 0.00, 0.00, 0.00000569, 0.00000060, ZIC, 391.0, 34, 11.50, 0.53, 0.00000828, 0.00000055
trial0016533, SHVR, 0.0, 6, 0.00, 0.00, 0.00000585, 0.00000069, ZIC, 438.0, 34, 12.88, 0.59, 0.00000838, 0.00000059
trial0016534, SHVR, 0.0, 6, 0.00, 0.00, 0.00000676, 0.00000072, ZIC, 550.0, 34, 16.18, 0.65, 0.00000824, 0.00000057
trial0016535, SHVR, 19.0, 6, 3.17, 0.33, 0.00000609, 0.00000061, ZIC, 723.0, 34, 21.26, 0.76, 0.00000865, 0.00000062
trial0016536, SHVR, 100.5, 6, 16.75, 0.67, 0.00000702, 0.00000065, ZIC, 590.5, 34, 17.37, 0.59, 0.00000815, 0.00000056
trial0016537, SHVR, 28.0, 6, 4.67, 0.17, 0.00000589, 0.00000055, ZIC, 546.0, 34, 16.06, 0.74, 0.00000840, 0.00000058
trial0016538, SHVR, 0.0, 6, 0.00, 0.00, 0.00000722, 0.00000073, ZIC, 458.0, 34, 13.47, 0.65, 0.00000828, 0.00000055
trial0016539, SHVR, 0.0, 6, 0.00, 0.00, 0.00000570, 0.00000056, ZIC, 519.0, 34, 15.26, 0.47, 0.00000839, 0.00000058
trial0016540, SHVR, 20.25, 6, 3.38, 0.17, 0.00000586, 0.00000061, ZIC, 577.75, 34, 16.99, 0.62, 0.00000865, 0.00000060
trial0016541, SHVR, 0.0, 6, 0.00, 0.00, 0.00000546, 0.00000053, ZIC, 635.0, 34, 18.68, 0.71, 0.00000820, 0.00000057
trial0016542, SHVR, 0.0, 6, 0.00, 0.00, 0.00000637, 0.00000064, ZIC, 483.0, 34, 14.21, 0.65, 0.00000820, 0.00000057
trial0016543, SHVR, 0.0, 6, 0.00, 0.00, 0.00000583, 0.00000059, ZIC, 506.0, 34, 14.88, 0.65, 0.00000851, 0.00000058
trial0016544, SHVR, 90.5, 6, 15.08, 0.50, 0.00000589, 0.00000061, ZIC, 304.5, 34, 8.96, 0.32, 0.00000811, 0.00000056
trial0016545, SHVR, 0.0, 6, 0.00, 0.00, 0.00000578, 0.00000056, ZIC, 468.0, 34, 13.76, 0.47, 0.00000834, 0.00000057
trial0016546, SHVR, 0.0, 6, 0.00, 0.00, 0.00000581, 0.00000055, ZIC, 663.0, 34, 19.50, 0.76, 0.00000821, 0.00000056
trial0016547, SHVR, 14.25, 6, 2.38, 0.33, 0.00000557, 0.00000058, ZIC, 407.75, 34, 11.99, 0.47, 0.00000838, 0.00000056
trial0016548, SHVR, 38.0, 6, 6.33, 0.17, 0.00000681, 0.00000072, ZIC, 1011.0, 34, 29.74, 1.03, 0.00000844, 0.00000060
trial0016549, SHVR, 0.0, 6, 0.00, 0.00, 0.00000642, 0.00000061, ZIC, 571.0, 34, 16.79, 0.71, 0.00000823, 0.00000058
trial0016550, SHVR, 2.5, 6, 0.42, 0.17, 0.00000641, 0.00000063, ZIC, 579.5, 34, 17.04, 0.68, 0.00000885, 0.00000063
trial0016551, SHVR, 125.5, 6, 20.92, 0.67, 0.00000621, 0.00000058, ZIC, 618.5, 34, 18.19, 0.82, 0.00000882, 0.00000063
trial0016552, SHVR, 103.0, 6, 17.17, 0.33, 0.00000628, 0.00000060, ZIC, 612.0, 34, 18.00, 0.65, 0.00000870, 0.00000062
trial0016553, SHVR, 23.5, 6, 3.92, 0.33, 0.00000694, 0.00000071, ZIC, 595.5, 34, 17.51, 0.65, 0.00000855, 0.00000064
trial0016554, SHVR, 37.0, 6, 6.17, 0.17, 0.00000608, 0.00000065, ZIC, 389.0, 34, 11.44, 0.44, 0.00000898, 0.00000062
trial0016555, SHVR, 15.0, 6, 2.50, 0.17, 0.00000559, 0.00000057, ZIC, 892.0, 34, 26.24, 0.91, 0.00000844, 0.00000059
trial0016556, SHVR, 9.5, 6, 1.58, 0.17, 0.00000641, 0.00000065, ZIC, 566.5, 34, 16.66, 0.68, 0.00000819, 0.00000056
trial0016557, SHVR, 0.0, 6, 0.00, 0.00, 0.00000574, 0.00000062, ZIC, 893.0, 34, 26.26, 0.88, 0.00000863, 0.00000058
trial0016558, SHVR, 10.0, 6, 1.67, 0.17, 0.00000625, 0.00000061, ZIC, 542.0, 34, 15.94, 0.56, 0.00000863, 0.00000061
trial0016559, SHVR, 0.0, 6, 0.00, 0.00, 0.00000570, 0.00000054, ZIC, 593.0, 34, 17.44, 0.59, 0.00000853, 0.00000057
trial0016560, SHVR, 5.5, 6, 0.92, 0.17, 0.00000570, 0.00000058, ZIC, 479.5, 34, 14.10, 0.56, 0.00000828, 0.00000054
trial0016561, SHVR, 0.0, 6, 0.00, 0.00, 0.00000682, 0.00000073, ZIC, 472.0, 34, 13.88, 0.59, 0.00000831, 0.00000058
trial0016562, SHVR, 0.0, 6, 0.00, 0.00, 0.00000559, 0.00000053, ZIC, 463.0, 34, 13.62, 0.41, 0.00000828, 0.00000057
trial0016563, SHVR, 0.0, 6, 0.00, 0.00, 0.00000595, 0.00000060, ZIC, 390.0, 34, 11.47, 0.35, 0.00000831, 0.00000059
trial0016564, SHVR, 27.5, 6, 4.58, 0.17, 0.00000682, 0.00000066, ZIC, 689.5, 34, 20.28, 0.79, 0.00000846, 0.00000061
trial0016565, SHVR, 0.0, 6, 0.00, 0.00, 0.00000560, 0.00000055, ZIC, 546.0, 34, 16.06, 0.53, 0.00000831, 0.00000059
trial0016566, SHVR, 106.5, 6, 17.75, 0.33, 0.00000552, 0.00000052, ZIC, 488.5, 34, 14.37, 0.71, 0.00000801, 0.00000055
trial0016567, SHVR, 0.0, 6, 0.00, 0.00, 0.00000585, 0.00000056, ZIC, 269.0, 34, 7.91, 0.29, 0.00000813, 0.00000058
trial0016568, SHVR, 0.0, 6, 0.00, 0.00, 0.00000603, 0.00000061, ZIC, 439.0, 34, 12.91, 0.41, 0.00000799, 0.00000057
trial0016569, SHVR, 0.0, 6, 0.00, 0.00, 0.00000556, 0.00000054, ZIC, 611.0, 34, 17.97, 0.65, 0.00000834, 0.00000056
trial0016570, SHVR, 0.0, 6, 0.00, 0.00, 0.00000574, 0.00000058, ZIC, 440.0, 34, 12.94, 0.47, 0.00000846, 0.00000058
trial0016571, SHVR, 0.0, 6, 0.00, 0.00, 0.00000581, 0.00000063, ZIC, 640.0, 34, 18.82, 0.71, 0.00000857, 0.00000059
trial0016572, SHVR, 0.0, 6, 0.00, 0.00, 0.00000619, 0.00000066, ZIC, 500.0, 34, 14.71, 0.59, 0.00000859, 0.00000060
trial0016573, SHVR, 0.0, 6, 0.00, 0.00, 0.00000559, 0.00000053, ZIC, 544.0, 34, 16.00, 0.65, 0.00000818, 0.00000056
trial0016574, SHVR, 33.0, 6, 5.50, 0.17, 0.00000598, 0.00000059, ZIC, 736.0, 34, 21.65, 0.85, 0.00000821, 0.00000057
trial0016575, SHVR, 22.0, 6, 3.67, 0.17, 0.00000556, 0.00000063, ZIC, 291.0, 34, 8.56, 0.32, 0.00000816, 0.00000057
trial0016576, SHVR, 0.0, 6, 0.00, 0.00, 0.00000596, 0.00000061, ZIC, 207.0, 34, 6.09, 0.29, 0.00000821, 0.00000057
trial0016577, SHVR, 0.0, 6, 0.00, 0.00, 0.00000655, 0.00000070, ZIC, 482.0, 34, 14.18, 0.47, 0.00000849, 0.00000061
trial0016578, SHVR, 0.0, 6, 0.00, 0.00, 0.00000686, 0.00000072, ZIC, 665.0, 34, 19.56, 0.76, 0.00000836, 0.00000058
trial0016579, SHVR, 42.5, 6, 7.08, 0.17, 0.00000575, 0.00000060, ZIC, 498.5, 34, 14.66, 0.62, 0.00000830, 0.00000058
trial0016580, SHVR, 0.0, 6, 0.00, 0.00, 0.00000611, 0.00000062, ZIC, 477.0, 34, 14.03, 0.59, 0.00000827, 0.00000057
trial0016581, SHVR, 6.75, 6, 1.12, 0.17, 0.00000600, 0.00000058, ZIC, 722.25, 34, 21.24, 0.74, 0.00000832, 0.00000056
trial0016582, SHVR, 39.0, 6, 6.50, 0.17, 0.00000652, 0.00000064, ZIC, 654.0, 34, 19.24, 0.68, 0.00000826, 0.00000056
trial0016583, SHVR, 69.0, 6, 11.50, 0.17, 0.00000602, 0.00000056, ZIC, 409.0, 34, 12.03, 0.62, 0.00000863, 0.00000064
trial0016584, SHVR, 16.0, 6, 2.67, 0.50, 0.00000585, 0.00000064, ZIC, 603.0, 34, 17.74, 0.56, 0.00000855, 0.00000057
trial0016585, SHVR, 0.0, 6, 0.00, 0.00, 0.00000562, 0.00000056, ZIC, 574.0, 34, 16.88, 0.65, 0.00000837, 0.00000056
trial0016586, SHVR, 0.0, 6, 0.00, 0.00, 0.00000664, 0.00000065, ZIC, 550.0, 34, 16.18, 0.65, 0.00000815, 0.00000055
trial0016587, SHVR, 0.0, 6, 0.00, 0.00, 0.00000547, 0.00000052, ZIC, 557.0, 34, 16.38, 0.71, 0.00000795, 0.00000054
trial0016588, SHVR, 0.0, 6, 0.00, 0.00, 0.00000596, 0.00000059, ZIC, 410.0, 34, 12.06, 0.47, 0.00000818, 0.00000056
trial0016589, SHVR, 0.0, 6, 0.00, 0.00, 0.00000556, 0.00000054, ZIC, 648.0, 34, 19.06, 0.65, 0.00000783, 0.00000054
trial0016590, SHVR, 0.0, 6, 0.00, 0.00, 0.00000551, 0.00000059, ZIC, 544.0, 34, 16.00, 0.59, 0.00000817, 0.00000056
trial0016591, SHVR, 0.0, 6, 0.00, 0.00, 0.00000609, 0.00000058, ZIC, 782.0, 34, 23.00, 0.94, 0.00000776, 0.00000053
trial0016592, SHVR, 0.0, 6, 0.00, 0.00, 0.00000566, 0.00000057, ZIC, 573.0, 34, 16.85, 0.59, 0.00000793, 0.00000054
trial0016593, SHVR, 46.0, 6, 7.67, 0.50, 0.00000562, 0.00000055, ZIC, 596.0, 34, 17.53, 0.62, 0.00000807, 0.00000053
trial0016594, SHVR, 0.0, 6, 0.00, 0.00, 0.00000637, 0.00000060, ZIC, 615.0, 34, 18.09, 0.71, 0.00000795, 0.00000054
trial0016595, SHVR, 6.0, 6, 1.00, 0.17, 0.00000572, 0.00000058, ZIC, 755.0, 34, 22.21, 0.68, 0.00000800, 0.00000056
trial0016596, SHVR, 0.0, 6, 0.00, 0.00, 0.00000577, 0.00000060, ZIC, 493.0, 34, 14.50, 0.47, 0.00000851, 0.00000058
trial0016597, SHVR, 0.0, 6, 0.00, 0.00, 0.00000575, 0.00000058, ZIC, 433.0, 34, 12.74, 0.53, 0.00000845, 0.00000058
trial0016598, SHVR, 0.0, 6, 0.00, 0.00, 0.00000604, 0.00000058, ZIC, 276.0, 34, 8.12, 0.35, 0.00000848, 0.00000060
trial0016599, SHVR, 0.0, 6, 0.00, 0.00, 0.00000590, 0.00000057, ZIC, 594.0, 34, 17.47, 0.71, 0.00000842, 0.00000058
trial0016600, SHVR, 15.0, 6, 2.50, 0.33, 0.00000623, 0.00000063, ZIC, 579.0, 34, 17.03, 0.59, 0.00000827, 0.00000057
trial0016601, SHVR, 0.0, 6, 0.00, 0.00, 0.00000697, 0.00000068, ZIC, 1672.0, 34, 49.18, 1.18, 0.00000837, 0.00000059
trial0016602, SHVR, 205.75, 6, 34.29, 0.67, 0.00000564, 0.00000060, ZIC, 970.25, 34, 28.54, 0.71, 0.00000855, 0.00000058
trial0016603, SHVR, 0.0, 6, 0.00, 0.00, 0.00000696, 0.00000069, ZIC, 1633.0, 34, 48.03, 1.18, 0.00000834, 0.00000057
trial0016604, SHVR, 60.0, 6, 10.00, 0.33, 0.00000659, 0.00000074, ZIC, 1181.0, 34, 34.74, 0.94, 0.00000829, 0.00000058
trial0016605, SHVR, 0.0, 6, 0.00, 0.00, 0.00000638, 0.00000064, ZIC, 1491.0, 34, 43.85, 0.94, 0.00000840, 0.00000057
trial0016606, SHVR, 0.0, 6, 0.00, 0.00, 0.00000572, 0.00000057, ZIC, 1431.0, 34, 42.09, 1.00, 0.00000833, 0.00000058
trial0016607, SHVR, 0.0, 6, 0.00, 0.00, 0.00000641, 0.00000067, ZIC, 521.0, 34, 15.32, 0.35, 0.00000806, 0.00000056
trial0016608, SHVR, 0.0, 6, 0.00, 0.00, 0.00000577, 0.00000058, ZIC, 1495.0, 34, 43.97, 1.00, 0.00000811, 0.00000056
trial0016609, SHVR, 0.0, 6, 0.00, 0.00, 0.00000645, 0.00000065, ZIC, 1541.0, 34, 45.32, 1.12, 0.00000803, 0.00000053
trial0016610, SHVR, 0.0, 6, 0.00, 0.00, 0.00000582, 0.00000060, ZIC, 1605.0, 34, 47.21, 1.24, 0.00000865, 0.00000062
trial0016611, SHVR, 118.5, 6, 19.75, 0.50, 0.00000573, 0.00000059, ZIC, 1034.5, 34, 30.43, 0.79, 0.00000837, 0.00000057
trial0016612, SHVR, 51.5, 6, 8.58, 0.17, 0.00000608, 0.00000061, ZIC, 1421.5, 34, 41.81, 0.97, 0.00000841, 0.00000061
trial0016613, SHVR, 0.0, 6, 0.00, 0.00, 0.00000626, 0.00000061, ZIC, 1226.0, 34, 36.06, 0.82, 0.00000864, 0.00000060
trial0016614, SHVR, 18.5, 6, 3.08, 0.50, 0.00000755, 0.00000062, ZIC, 1484.5, 34, 43.66, 1.09, 0.00000956, 0.00000061
trial0016615, SHVR, 0.0, 6, 0.00, 0.00, 0.00000562, 0.00000060, ZIC, 1158.0, 34, 34.06, 0.88, 0.00000841, 0.00000058
trial0016616, SHVR, 101.0, 6, 16.83, 0.67, 0.00000606, 0.00000058, ZIC, 1142.0, 34, 33.59, 0.82, 0.00000857, 0.00000059
trial0016617, SHVR, 0.0, 6, 0.00, 0.00, 0.00000626, 0.00000064, ZIC, 957.0, 34, 28.15, 0.76, 0.00000868, 0.00000058
trial0016618, SHVR, 87.0, 6, 14.50, 0.33, 0.00000897, 0.00000060, ZIC, 1086.0, 34, 31.94, 0.82, 0.00000973, 0.00000058
trial0016619, SHVR, 0.0, 6, 0.00, 0.00, 0.00000687, 0.00000066, ZIC, 882.0, 34, 25.94, 0.71, 0.00000853, 0.00000057
trial0016620, SHVR, 0.0, 6, 0.00, 0.00, 0.00000647, 0.00000056, ZIC, 1382.0, 34, 40.65, 0.94, 0.00000852, 0.00000062
trial0016621, SHVR, 73.0, 6, 12.17, 0.50, 0.00000627, 0.00000058, ZIC, 1304.0, 34, 38.35, 0.91, 0.00000859, 0.00000056
trial0016622, SHVR, 37.5, 6, 6.25, 0.17, 0.00000624, 0.00000054, ZIC, 1242.5, 34, 36.54, 0.97, 0.00000812, 0.00000055
trial0016623, SHVR, 57.5, 6, 9.58, 0.17, 0.00000580, 0.00000059, ZIC, 1265.5, 34, 37.22, 0.97, 0.00000927, 0.00000057
trial0016624, SHVR, 0.0, 6, 0.00, 0.00, 0.00000623, 0.00000063, ZIC, 1245.0, 34, 36.62, 0.88, 0.00000852, 0.00000058
trial0016625, SHVR, 0.0, 6, 0.00, 0.00, 0.00000600, 0.00000060, ZIC, 1213.0, 34, 35.68, 0.82, 0.00000880, 0.00000061
trial0016626, SHVR, 35.0, 6, 5.83, 0.17, 0.00000664, 0.00000068, ZIC, 1065.0, 34, 31.32, 0.97, 0.00000851, 0.00000060
trial0016627, SHVR, 0.0, 6, 0.00, 0.00, 0.00000634, 0.00000066, ZIC, 1466.0, 34, 43.12, 1.00, 0.00000836, 0.00000056
trial0016628, SHVR, 0.0, 6, 0.00, 0.00, 0.00000731, 0.00000064, ZIC, 887.0, 34, 26.09, 0.71, 0.00000846, 0.00000056
trial0016629, SHVR, 0.0, 6, 0.00, 0.00, 0.00000682, 0.00000066, ZIC, 1220.0, 34, 35.88, 0.94, 0.00000811, 0.00000053
trial0016630, SHVR, 25.5, 6, 4.25, 0.17, 0.00000584, 0.00000057, ZIC, 1336.5, 34, 39.31, 0.97, 0.00000844, 0.00000059
trial0016631, SHVR, 6.5, 6, 1.08, 0.17, 0.00000669, 0.00000062, ZIC, 1963.5, 34, 57.75, 1.44, 0.00000820, 0.00000058
trial0016632, SHVR, 0.0, 6, 0.00, 0.00, 0.00000567, 0.00000060, ZIC, 1144.0, 34, 33.65, 0.76, 0.00000856, 0.00000057
trial0016633, SHVR, 48.0, 6, 8.00, 0.33, 0.00000592, 0.00000058, ZIC, 1201.0, 34, 35.32, 0.88, 0.00000845, 0.00000056
trial0016634, SHVR, 0.0, 6, 0.00, 0.00, 0.00000698, 0.00000063, ZIC, 1014.0, 34, 29.82, 0.76, 0.00000800, 0.00000056
trial0016635, SHVR, 0.0, 6, 0.00, 0.00, 0.00000559, 0.00000062, ZIC, 1040.0, 34, 30.59, 0.88, 0.00000836, 0.00000060
trial0016636, SHVR, 196.0, 6, 32.67, 0.83, 0.00000667, 0.00000067, ZIC, 1145.0, 34, 33.68, 0.79, 0.00000852, 0.00000058
trial0016637, SHVR, 80.5, 6, 13.42, 0.50, 0.00000705, 0.00000075, ZIC, 1254.5, 34, 36.90, 0.97, 0.00000845, 0.00000057
trial0016638, SHVR, 29.0, 6, 4.83, 0.17, 0.00000549, 0.00000050, ZIC, 770.0, 34, 22.65, 0.68, 0.00000856, 0.00000053
trial0016639, SHVR, 8.5, 6, 1.42, 0.17, 0.00000560, 0.00000059, ZIC, 1522.5, 34, 44.78, 1.15, 0.00000852, 0.00000057
trial0016640, SHVR, 34.5, 6, 5.75, 0.17, 0.00000576, 0.00000061, ZIC, 959.5, 34, 28.22, 0.74, 0.00000805, 0.00000053
trial0016641, SHVR, 23.5, 6, 3.92, 0.17, 0.00000571, 0.00000055, ZIC, 602.5, 34, 17.72, 0.56, 0.00000812, 0.00000058
trial0016642, SHVR, 173.5, 6, 28.92, 0.50, 0.00000601, 0.00000063, ZIC, 836.5, 34, 24.60, 0.62, 0.00000838, 0.00000057
trial0016643, SHVR, 0.0, 6, 0.00, 0.00, 0.00000567, 0.00000055, ZIC, 1473.0, 34, 43.32, 1.06, 0.00000909, 0.00000055
trial0016644, SHVR, 0.0, 6, 0.00, 0.00, 0.00000541, 0.00000051, ZIC, 1280.0, 34, 37.65, 0.82, 0.00000821, 0.00000053
trial0016645, SHVR, 0.0, 6, 0.00, 0.17, 0.00000635, 0.00000060, ZIC, 1271.0, 34, 37.38, 0.85, 0.00000806, 0.00000054
trial0016646, SHVR, 0.0, 6, 0.00, 0.00, 0.00000575, 0.00000055, ZIC, 1013.0, 34, 29.79, 0.71, 0.00000801, 0.00000056
trial0016647, SHVR, 0.0, 6, 0.00, 0.00, 0.00000677, 0.00000063, ZIC, 1558.0, 34, 45.82, 1.00, 0.00000837, 0.00000057
trial0016648, SHVR, 3.0, 6, 0.50, 0.17, 0.00000566, 0.00000053, ZIC, 1810.0, 34, 53.24, 1.21, 0.00000800, 0.00000056
trial0016649, SHVR, 0.0, 6, 0.00, 0.00, 0.00000595, 0.00000064, ZIC, 1365.0, 34, 40.15, 1.06, 0.00000781, 0.00000057
trial0016650, SHVR, 0.0, 6, 0.00, 0.00, 0.00000651, 0.00000062, ZIC, 911.0, 34, 26.79, 0.59, 0.00000847, 0.00000057
trial0016651, SHVR, 0.0, 6, 0.00, 0.00, 0.00000652, 0.00000056, ZIC, 1331.0, 34, 39.15, 0.94, 0.00000785, 0.00000053
trial0016652, SHVR, 0.0, 6, 0.00, 0.00, 0.00000670, 0.00000064, ZIC, 962.0, 34, 28.29, 0.65, 0.00000836, 0.00000056
trial0016653, SHVR, 0.0, 6, 0.00, 0.00, 0.00000605, 0.00000059, ZIC, 1214.0, 34, 35.71, 0.88, 0.00000950, 0.00000053
trial0016654, SHVR, 0.0, 6, 0.00, 0.00, 0.00000543, 0.00000055, ZIC, 951.0, 34, 27.97, 0.71, 0.00000826, 0.00000057
trial0016655, SHVR, 83.0, 6, 13.83, 0.17, 0.00000592, 0.00000053, ZIC, 1588.0, 34, 46.71, 1.03, 0.00000809, 0.00000054
trial0016656, SHVR, 9.5, 6, 1.58, 0.17, 0.00000575, 0.00000056, ZIC, 1436.5, 34, 42.25, 1.09, 0.00000824, 0.00000055
trial0016657, SHVR, 0.0, 6, 0.00, 0.00, 0.00000561, 0.00000055, ZIC, 1957.0, 34, 57.56, 1.24, 0.00000945, 0.00000055
trial0016658, SHVR, 28.0, 6, 4.67, 0.17, 0.00000589, 0.00000059, ZIC, 1023.0, 34, 30.09, 0.74, 0.00000840, 0.00000059
trial0016659, SHVR, 34.5, 6, 5.75, 0.17, 0.00000538, 0.00000055, ZIC, 942.5, 34, 27.72, 0.79, 0.00000772, 0.00000051
trial0016660, SHVR, 144.5, 6, 24.08, 0.33, 0.00000597, 0.00000053, ZIC, 1238.5, 34, 36.43, 0.94, 0.00000903, 0.00000055
trial0016661, SHVR, 0.0, 6, 0.00, 0.00, 0.00000554, 0.00000049, ZIC, 1072.0, 34, 31.53, 0.82, 0.00000885, 0.00000055
trial0016662, SHVR, 0.0, 6, 0.00, 0.00, 0.00000608, 0.00000063, ZIC, 1234.0, 34, 36.29, 0.82, 0.00001017, 0.00000059
trial0016663, SHVR, 113.0, 6, 18.83, 0.50, 0.00000594, 0.00000059, ZIC, 1098.0, 34, 32.29, 0.79, 0.00000947, 0.00000059
trial0016664, SHVR, 57.0, 6, 9.50, 0.50, 0.00000646, 0.00000059, ZIC, 1337.0, 34, 39.32, 0.91, 0.00000798, 0.00000053
trial0016665, SHVR, 21.5, 6, 3.58, 0.17, 0.00000587, 0.00000057, ZIC, 1309.5, 34, 38.51, 0.79, 0.00000833, 0.00000056
trial0016666, SHVR, 15.5, 6, 2.58, 0.17, 0.00000607, 0.00000057, ZIC, 1432.5, 34, 42.13, 1.09, 0.00000803, 0.00000052
trial0016667, SHVR, 0.0, 6, 0.00, 0.00, 0.00000588, 0.00000062, ZIC, 1219.0, 34, 35.85, 0.76, 0.00000870, 0.00000059
trial0016668, SHVR, 0.0, 6, 0.00, 0.00, 0.00000567, 0.00000058, ZIC, 1144.0, 34, 33.65, 0.82, 0.00000844, 0.00000060
trial0016669, SHVR, 98.5, 6, 16.42, 0.33, 0.00000572, 0.00000054, ZIC, 1508.5, 34, 44.37, 0.94, 0.00000855, 0.00000060
trial0016670, SHVR, 0.0, 6, 0.00, 0.00, 0.00000658, 0.00000068, ZIC, 1378.0, 34, 40.53, 1.00, 0.00000835, 0.00000058
trial0016671, SHVR, 62.5, 6, 10.42, 0.17, 0.00000697, 0.00000069, ZIC, 1180.5, 34, 34.72, 0.97, 0.00000845, 0.00000059
trial0016672, SHVR, 0.0, 6, 0.00, 0.00, 0.00000668, 0.00000062, ZIC, 1727.0, 34, 50.79, 1.18, 0.00000970, 0.00000064
trial0016673, SHVR, 0.0, 6, 0.00, 0.00, 0.00000644, 0.00000215, ZIC, 1321.0, 34, 38.85, 0.94, 0.00000841, 0.00000056
trial0016674, SHVR, 0.0, 6, 0.00, 0.00, 0.00000591, 0.00000058, ZIC, 1154.0, 34, 33.94, 0.88, 0.00000846, 0.00000056
trial0016675, SHVR, 0.0, 6, 0.00, 0.00, 0.00000635, 0.00000068, ZIC, 783.0, 34, 23.03, 0.71, 0.00000810, 0.00000057
trial0016676, SHVR, 0.0, 6, 0.00, 0.00, 0.00000561, 0.00000057, ZIC, 1668.0, 34, 49.06, 1.18, 0.00000814, 0.00000056
trial0016677, SHVR, 33.5, 6, 5.58, 0.17, 0.00000611, 0.00000056, ZIC, 739.5, 34, 21.75, 0.50, 0.00000917, 0.00000061
trial0016678, SHVR, 26.0, 6, 4.33, 0.17, 0.00000556, 0.00000056, ZIC, 1379.0, 34, 40.56, 0.91, 0.00000828, 0.00000053
trial0016679, SHVR, 0.0, 6, 0.00, 0.00, 0.00000586, 0.00000064, ZIC, 835.0, 34, 24.56, 0.59, 0.00000837, 0.00000056
trial0016680, SHVR, 0.0, 6, 0.00, 0.00, 0.00000586, 0.00000054, ZIC, 798.0, 34, 23.47, 0.65, 0.00000843, 0.00000058
trial0016681, SHVR, 219.5, 6, 36.58, 0.83, 0.00000595, 0.00000053, ZIC, 1451.5, 34, 42.69, 1.03, 0.00000810, 0.00000052
trial0016682, SHVR, 91.5, 6, 15.25, 0.17, 0.00000600, 0.00000060, ZIC, 1447.5, 34, 42.57, 1.09, 0.00000997, 0.00000066
trial0016683, SHVR, 124.5, 6, 20.75, 0.50, 0.00000595, 0.00000059, ZIC, 1011.5, 34, 29.75, 0.85, 0.00000810, 0.00000054
trial0016684, SHVR, 10.0, 6, 1.67, 0.17, 0.00000600, 0.00000060, ZIC, 1326.0, 34, 39.00, 1.03, 0.00000818, 0.00000059
trial0016685, SHVR, 67.0, 6, 11.17, 0.17, 0.00000640, 0.00000063, ZIC, 1039.0, 34, 30.56, 0.91, 0.00000850, 0.00000057
trial0016686, SHVR, 0.0, 6, 0.00, 0.00, 0.00000576, 0.00000058, ZIC, 1324.0, 34, 38.94, 0.88, 0.00000839, 0.00000057
trial0016687, SHVR, 89.0, 6, 14.83, 0.50, 0.00000596, 0.00000057, ZIC, 1203.0, 34, 35.38, 0.91, 0.00000824, 0.00000056
trial0016688, SHVR, 204.5, 6, 34.08, 1.00, 0.00000594, 0.00000060, ZIC, 1228.5, 34, 36.13, 0.88, 0.00000842, 0.00000057
trial0016689, SHVR, 11.5, 6, 1.92, 0.33, 0.00000594, 0.00000053, ZIC, 1612.5, 34, 47.43, 1.06, 0.00000783, 0.00000052
trial0016690, SHVR, 36.0, 6, 6.00, 0.17, 0.00000587, 0.00000063, ZIC, 1116.0, 34, 32.82, 0.79, 0.00000866, 0.00000063
trial0016691, SHVR, 0.0, 6, 0.00, 0.00, 0.00000576, 0.00000057, ZIC, 967.0, 34, 28.44, 0.71, 0.00000923, 0.00000054
trial0016692, SHVR, 0.0, 6, 0.00, 0.00, 0.00000640, 0.00000058, ZIC, 1793.0, 34, 52.74, 1.35, 0.00000829, 0.00000057
trial0016693, SHVR, 0.0, 6, 0.00, 0.00, 0.00000568, 0.00000059, ZIC, 650.0, 34, 19.12, 0.53, 0.00000793, 0.00000055
trial0016694, SHVR, 0.0, 6, 0.00, 0.00, 0.00000565, 0.00000056, ZIC, 1325.0, 34, 38.97, 1.00, 0.00000831, 0.00000058
trial0016695, SHVR, 0.0, 6, 0.00, 0.00, 0.00000619, 0.00000067, ZIC, 1088.0, 34, 32.00, 0.76, 0.00000792, 0.00000055
trial0016696, SHVR, 0.0, 6, 0.00, 0.00, 0.00000660, 0.00000076, ZIC, 1208.0, 34, 35.53, 0.88, 0.00000800, 0.00000055
trial0016697, SHVR, 0.0, 6, 0.00, 0.00, 0.00000561, 0.00000055, ZIC, 930.0, 34, 27.35, 0.76, 0.00000797, 0.00000051
trial0016698, SHVR, 0.0, 6, 0.00, 0.00, 0.00000655, 0.00000063, ZIC, 937.0, 34, 27.56, 0.76, 0.00000810, 0.00000057
trial0016699, SHVR, 0.0, 6, 0.00, 0.00, 0.00000629, 0.00000064, ZIC, 1655.0, 34, 48.68, 1.35, 0.00000839, 0.00000056
trial0016700, SHVR, 0.0, 6, 0.00, 0.00, 0.00000691, 0.00000059, ZIC, 1260.0, 34, 37.06, 0.88, 0.00000807, 0.00000054
trial0016701, SHVR, 0.0, 6, 0.00, 0.00, 0.00000620, 0.00000059, ZIC, 308.0, 34, 9.06, 0.35, 0.00000849, 0.00000058
trial0016702, SHVR, 0.0, 6, 0.00, 0.00, 0.00000612, 0.00000055, ZIC, 214.0, 34, 6.29, 0.35, 0.00000902, 0.00000064
trial0016703, SHVR, 0.0, 6, 0.00, 0.00, 0.00000594, 0.00000060, ZIC, 335.0, 34, 9.85, 0.41, 0.00000822, 0.00000058
trial0016704, SHVR, 31.5, 6, 5.25, 0.17, 0.00000599, 0.00000065, ZIC, 209.5, 34, 6.16, 0.26, 0.00000854, 0.00000058
trial0016705, SHVR, 0.0, 6, 0.00, 0.00, 0.00000621, 0.00000061, ZIC, 325.0, 34, 9.56, 0.35, 0.00000784, 0.00000055
trial0016706, SHVR, 0.0, 6, 0.00, 0.00, 0.00000682, 0.00000072, ZIC, 142.0, 34, 4.18, 0.18, 0.00000871, 0.00000059
trial0016707, SHVR, 0.0, 6, 0.00, 0.00, 0.00000556, 0.00000055, ZIC, 294.0, 34, 8.65, 0.41, 0.00000828, 0.00000057
trial0016708, SHVR, 32.0, 6, 5.33, 0.17, 0.00000605, 0.00000066, ZIC, 649.0, 34, 19.09, 0.68, 0.00000835, 0.00000059
trial0016709, SHVR, 18.0, 6, 3.00, 0.17, 0.00000637, 0.00000059, ZIC, 394.0, 34, 11.59, 0.50, 0.00000808, 0.00000056
trial0016710, SHVR, 12.5, 6, 2.08, 0.17, 0.00000561, 0.00000054, ZIC, 570.5, 34, 16.78, 0.79, 0.00000857, 0.00000059
trial0016711, SHVR, 68.5, 6, 11.42, 0.33, 0.00000560, 0.00000052, ZIC, 356.5, 34, 10.49, 0.47, 0.00000840, 0.00000060
trial0016712, SHVR, 29.0, 6, 4.83, 0.17, 0.00000652, 0.00000060, ZIC, 489.0, 34, 14.38, 0.56, 0.00000783, 0.00000053
trial0016713, SHVR, 0.0, 6, 0.00, 0.00, 0.00000587, 0.00000057, ZIC, 379.0, 34, 11.15, 0.53, 0.00000851, 0.00000058
trial0016714, SHVR, 42.5, 6, 7.08, 0.17, 0.00000583, 0.00000059, ZIC, 269.5, 34, 7.93, 0.44, 0.00000890, 0.00000057
trial0016715, SHVR, 0.0, 6, 0.00, 0.00, 0.00000558, 0.00000059, ZIC, 659.0, 34, 19.38, 0.71, 0.00000825, 0.00000059
trial0016716, SHVR, 0.0, 6, 0.00, 0.00, 0.00000560, 0.00000058, ZIC, 227.0, 34, 6.68, 0.29, 0.00000838, 0.00000058
trial0016717, SHVR, 49.5, 6, 8.25, 0.50, 0.00000662, 0.00000064, ZIC, 440.5, 34, 12.96, 0.50, 0.00000879, 0.00000078
trial0016718, SHVR, 0.0, 6, 0.00, 0.00, 0.00000584, 0.00000066, ZIC, 689.0, 34, 20.26, 0.82, 0.00000817, 0.00000057
trial0016719, SHVR, 0.0, 6, 0.00, 0.00, 0.00000563, 0.00000057, ZIC, 539.0, 34, 15.85, 0.71, 0.00000837, 0.00000057
trial0016720, SHVR, 0.0, 6, 0.00, 0.00, 0.00000555, 0.00000053, ZIC, 269.0, 34, 7.91, 0.41, 0.00000810, 0.00000055
trial0016721, SHVR, 0.0, 6, 0.00, 0.00, 0.00000604, 0.00000054, ZIC, 501.0, 34, 14.74, 0.53, 0.00000863, 0.00000058
trial0016722, SHVR, 32.5, 6, 5.42, 0.17, 0.00000555, 0.00000052, ZIC, 211.5, 34, 6.22, 0.26, 0.00000790, 0.00000053
trial0016723, SHVR, 15.5, 6, 2.58, 0.17, 0.00000593, 0.00000057, ZIC, 256.5, 34, 7.54, 0.32, 0.00000848, 0.00000062
trial0016724, SHVR, 11.5, 6, 1.92, 0.17, 0.00000714, 0.00000063, ZIC, 558.5, 34, 16.43, 0.62, 0.00000799, 0.00000125
trial0016725, SHVR, 0.0, 6, 0.00, 0.00, 0.00000583, 0.00000056, ZIC, 253.0, 34, 7.44, 0.29, 0.00000856, 0.00000060
trial0016726, SHVR, 24.5, 6, 4.08, 0.17, 0.00000564, 0.00000057, ZIC, 450.5, 34, 13.25, 0.56, 0.00000843, 0.00000058
trial0016727, SHVR, 0.0, 6, 0.00, 0.00, 0.00000598, 0.00000057, ZIC, 353.0, 34, 10.38, 0.41, 0.00000856, 0.00000055
trial0016728, SHVR, 38.5, 6, 6.42, 0.17, 0.00000623, 0.00000059, ZIC, 708.5, 34, 20.84, 0.79, 0.00000872, 0.00000061
trial0016729, SHVR, 17.5, 6, 2.92, 0.17, 0.00000619, 0.00000063, ZIC, 390.5, 34, 11.49, 0.56, 0.00000875, 0.00000060
trial0016730, SHVR, 0.0, 6, 0.00, 0.00, 0.00000704, 0.00000072, ZIC, 480.0, 34, 14.12, 0.65, 0.00000894, 0.00000063
trial0016731, SHVR, 0.0, 6, 0.00, 0.00, 0.00000600, 0.00000058, ZIC, 462.0, 34, 13.59, 0.65, 0.00000907, 0.00000060
trial0016732, SHVR, 0.0, 6, 0.00, 0.00, 0.00000579, 0.00000060, ZIC, 202.0, 34, 5.94, 0.29, 0.00000825, 0.00000056
trial0016733, SHVR, 0.0, 6, 0.00, 0.00, 0.00000643, 0.00000058, ZIC, 441.0, 34, 12.97, 0.53, 0.00000857, 0.00000056
trial0016734, SHVR, 0.0, 6, 0.00, 0.00, 0.00000592, 0.00000064, ZIC, 387.0, 34, 11.38, 0.41, 0.00000856, 0.00000061
trial0016735, SHVR, 0.0, 6, 0.00, 0.00, 0.00000563, 0.00000062, ZIC, 366.0, 34, 10.76, 0.47, 0.00000819, 0.00000058
trial0016736, SHVR, 50.5, 6, 8.42, 0.17, 0.00000620, 0.00000064, ZIC, 392.5, 34, 11.54, 0.50, 0.00000877, 0.00000056
trial0016737, SHVR, 100.5, 6, 16.75, 1.00, 0.00000583, 0.00000066, ZIC, 189.5, 34, 5.57, 0.24, 0.00000854, 0.00000056
trial0016738, SHVR, 72.5, 6, 12.08, 0.33, 0.00000598, 0.00000057, ZIC, 442.5, 34, 13.01, 0.53, 0.00000882, 0.00000060
trial0016739, SHVR, 11.0, 6, 1.83, 0.50, 0.00000616, 0.00000061, ZIC, 427.0, 34, 12.56, 0.50, 0.00000861, 0.00000066
trial0016740, SHVR, 0.0, 6, 0.00, 0.00, 0.00000653, 0.00000062, ZIC, 498.0, 34, 14.65, 0.65, 0.00000841, 0.00000063
trial0016741, SHVR, 0.0, 6, 0.00, 0.00, 0.00000618, 0.00000062, ZIC, 420.0, 34, 12.35, 0.53, 0.00000861, 0.00000062
trial0016742, SHVR, 3.5, 6, 0.58, 0.17, 0.00000564, 0.00000055, ZIC, 305.5, 34, 8.99, 0.32, 0.00000855, 0.00000056
trial0016743, SHVR, 0.0, 6, 0.00, 0.00, 0.00000598, 0.00000056, ZIC, 332.0, 34, 9.76, 0.41, 0.00000806, 0.00000055
trial0016744, SHVR, 16.5, 6, 2.75, 0.17, 0.00000552, 0.00000056, ZIC, 406.5, 34, 11.96, 0.44, 0.00000831, 0.00000061
trial0016745, SHVR, 0.0, 6, 0.00, 0.00, 0.00000589, 0.00000069, ZIC, 227.0, 34, 6.68, 0.29, 0.00000858, 0.00000056
trial0016746, SHVR, 0.0, 6, 0.00, 0.00, 0.00000608, 0.00000059, ZIC, 528.0, 34, 15.53, 0.53, 0.00000970, 0.00000059
trial0016747, SHVR, 0.0, 6, 0.00, 0.00, 0.00000634, 0.00000068, ZIC, 494.0, 34, 14.53, 0.59, 0.00000856, 0.00000063
trial0016748, SHVR, 0.0, 6, 0.00, 0.00, 0.00000552, 0.00000061, ZIC, 299.0, 34, 8.79, 0.41, 0.00000836, 0.00000058
trial0016749, SHVR, 49.5, 6, 8.25, 0.33, 0.00000539, 0.00000052, ZIC, 683.5, 34, 20.10, 0.82, 0.00000836, 0.00000062
trial0016750, SHVR, 0.0, 6, 0.00, 0.00, 0.00000592, 0.00000071, ZIC, 432.0, 34, 12.71, 0.53, 0.00000830, 0.00000056
trial0016751, SHVR, 45.5, 6, 7.58, 0.33, 0.00000657, 0.00000069, ZIC, 218.5, 34, 6.43, 0.29, 0.00000838, 0.00000061
trial0016752, SHVR, 0.0, 6, 0.00, 0.00, 0.00000560, 0.00000057, ZIC, 339.0, 34, 9.97, 0.47, 0.00000844, 0.00000058
trial0016753, SHVR, 0.0, 6, 0.00, 0.00, 0.00000558, 0.00000052, ZIC, 742.0, 34, 21.82, 0.76, 0.00000844, 0.00000060
trial0016754, SHVR, 14.0, 6, 2.33, 0.17, 0.00000693, 0.00000064, ZIC, 556.0, 34, 16.35, 0.74, 0.00000846, 0.00000057
trial0016755, SHVR, 0.0, 6, 0.00, 0.00, 0.00000622, 0.00000058, ZIC, 400.0, 34, 11.76, 0.53, 0.00000815, 0.00000058
trial0016756, SHVR, 19.0, 6, 3.17, 0.17, 0.00000609, 0.00000055, ZIC, 363.0, 34, 10.68, 0.56, 0.00000850, 0.00000057
trial0016757, SHVR, 0.0, 6, 0.00, 0.00, 0.00000603, 0.00000061, ZIC, 197.0, 34, 5.79, 0.29, 0.00000864, 0.00000060
trial0016758, SHVR, 14.5, 6, 2.42, 0.17, 0.00000577, 0.00000056, ZIC, 328.5, 34, 9.66, 0.38, 0.00000836, 0.00000059
trial0016759, SHVR, 0.0, 6, 0.00, 0.00, 0.00000690, 0.00000073, ZIC, 253.0, 34, 7.44, 0.29, 0.00000817, 0.00000057
trial0016760, SHVR, 0.0, 6, 0.00, 0.00, 0.00000603, 0.00000058, ZIC, 285.0, 34, 8.38, 0.35, 0.00000833, 0.00000057
trial0016761, SHVR, 0.0, 6, 0.00, 0.00, 0.00000595, 0.00000055, ZIC, 403.0, 34, 11.85, 0.47, 0.00000877, 0.00000058
trial0016762, SHVR, 0.0, 6, 0.00, 0.00, 0.00000572, 0.00000067, ZIC, 433.0, 34, 12.74, 0.47, 0.00000821, 0.00000056
trial0016763, SHVR, 0.0, 6, 0.00, 0.00, 0.00000576, 0.00000056, ZIC, 479.0, 34, 14.09, 0.65, 0.00000797, 0.00000053
trial0016764, SHVR, 0.0, 6, 0.00, 0.00, 0.00000542, 0.00000056, ZIC, 554.0, 34, 16.29, 0.71, 0.00000847, 0.00000063
trial0016765, SHVR, 0.0, 6, 0.00, 0.00, 0.00000629, 0.00000057, ZIC, 326.0, 34, 9.59, 0.47, 0.00000816, 0.00000063
trial0016766, SHVR, 48.5, 6, 8.08, 0.33, 0.00000600, 0.00000057, ZIC, 693.5, 34, 20.40, 0.82, 0.00000897, 0.00000060
trial0016767, SHVR, 0.0, 6, 0.00, 0.00, 0.00000612, 0.00000056, ZIC, 617.0, 34, 18.15, 0.82, 0.00000768, 0.00000054
trial0016768, SHVR, 0.0, 6, 0.00, 0.00, 0.00000540, 0.00000056, ZIC, 456.0, 34, 13.41, 0.53, 0.00000821, 0.00000054
trial0016769, SHVR, 0.0, 6, 0.00, 0.00, 0.00000698, 0.00000065, ZIC, 351.0, 34, 10.32, 0.41, 0.00000817, 0.00000054
trial0016770, SHVR, 37.5, 6, 6.25, 0.17, 0.00000538, 0.00000053, ZIC, 264.5, 34, 7.78, 0.32, 0.00000799, 0.00000054
trial0016771, SHVR, 43.0, 6, 7.17, 0.17, 0.00000871, 0.00000065, ZIC, 285.0, 34, 8.38, 0.32, 0.00000836, 0.00000060
trial0016772, SHVR, 0.0, 6, 0.00, 0.00, 0.00000624, 0.00000060, ZIC, 590.0, 34, 17.35, 0.71, 0.00000808, 0.00000054
trial0016773, SHVR, 26.5, 6, 4.42, 0.17, 0.00000573, 0.00000055, ZIC, 395.5, 34, 11.63, 0.50, 0.00000808, 0.00000055
trial0016774, SHVR, 53.5, 6, 8.92, 0.17, 0.00000748, 0.00000057, ZIC, 289.5, 34, 8.51, 0.38, 0.00000835, 0.00000055
trial0016775, SHVR, 30.0, 6, 5.00, 0.17, 0.00000552, 0.00000052, ZIC, 471.0, 34, 13.85, 0.62, 0.00000811, 0.00000061
trial0016776, SHVR, 0.0, 6, 0.00, 0.00, 0.00000555, 0.00000056, ZIC, 289.0, 34, 8.50, 0.35, 0.00000815, 0.00000053
trial0016777, SHVR, 0.5, 6, 0.08, 0.17, 0.00000556, 0.00000057, ZIC, 395.5, 34, 11.63, 0.44, 0.00000833, 0.00000055
trial0016778, SHVR, 90.5, 6, 15.08, 0.67, 0.00000581, 0.00000061, ZIC, 395.5, 34, 11.63, 0.47, 0.00000818, 0.00000057
trial0016779, SHVR, 0.0, 6, 0.00, 0.00, 0.00000608, 0.00000064, ZIC, 482.0, 34, 14.18, 0.59, 0.00000828, 0.00000057
trial0016780, SHVR, 0.0, 6, 0.00, 0.00, 0.00000624, 0.00000060, ZIC, 259.0, 34, 7.62, 0.35, 0.00000818, 0.00000060
trial0016781, SHVR, 0.0, 6, 0.00, 0.00, 0.00000582, 0.00000059, ZIC, 340.0, 34, 10.00, 0.41, 0.00000879, 0.00000057
trial0016782, SHVR, 0.0, 6, 0.00, 0.00, 0.00000602, 0.00000061, ZIC, 643.0, 34, 18.91, 0.71, 0.00000810, 0.00000058
trial0016783, SHVR, 59.0, 6, 9.83, 0.33, 0.00000603, 0.00000057, ZIC, 460.0, 34, 13.53, 0.53, 0.00000827, 0.00000057
trial0016784, SHVR, 24.0, 6, 4.00, 0.17, 0.00000617, 0.00000062, ZIC, 339.0, 34, 9.97, 0.38, 0.00000848, 0.00000062
trial0016785, SHVR, 0.0, 6, 0.00, 0.00, 0.00000570, 0.00000060, ZIC, 669.0, 34, 19.68, 0.82, 0.00000860, 0.00000055
trial0016786, SHVR, 49.75, 6, 8.29, 0.50, 0.00000588, 0.00000058, ZIC, 234.25, 34, 6.89, 0.26, 0.00000915, 0.00000060
trial0016787, SHVR, 0.0, 6, 0.00, 0.00, 0.00000588, 0.00000062, ZIC, 222.0, 34, 6.53, 0.29, 0.00000870, 0.00000059
trial0016788, SHVR, 0.0, 6, 0.00, 0.00, 0.00000572, 0.00000060, ZIC, 571.0, 34, 16.79, 0.65, 0.00000880, 0.00000061
trial0016789, SHVR, 0.0, 6, 0.00, 0.00, 0.00000598, 0.00000056, ZIC, 411.0, 34, 12.09, 0.53, 0.00000846, 0.00000059
trial0016790, SHVR, 0.0, 6, 0.00, 0.00, 0.00000594, 0.00000059, ZIC, 712.0, 34, 20.94, 0.76, 0.00000877, 0.00000059
trial0016791, SHVR, 5.0, 6, 0.83, 0.17, 0.00000680, 0.00000070, ZIC, 439.0, 34, 12.91, 0.56, 0.00000831, 0.00000061
trial0016792, SHVR, 2.0, 6, 0.33, 0.17, 0.00000579, 0.00000064, ZIC, 498.0, 34, 14.65, 0.56, 0.00000824, 0.00000056
trial0016793, SHVR, 0.0, 6, 0.00, 0.00, 0.00000551, 0.00000059, ZIC, 572.0, 34, 16.82, 0.71, 0.00000829, 0.00000057
trial0016794, SHVR, 0.0, 6, 0.00, 0.00, 0.00000563, 0.00000053, ZIC, 372.0, 34, 10.94, 0.53, 0.00000787, 0.00000055
trial0016795, SHVR, 12.5, 6, 2.08, 0.50, 0.00000590, 0.00000059, ZIC, 518.5, 34, 15.25, 0.62, 0.00000797, 0.00000057
trial0016796, SHVR, 0.0, 6, 0.00, 0.00, 0.00000587, 0.00000059, ZIC, 557.0, 34, 16.38, 0.71, 0.00000787, 0.00000053
trial0016797, SHVR, 0.0, 6, 0.00, 0.00, 0.00000577, 0.00000061, ZIC, 649.0, 34, 19.09, 0.71, 0.00000827, 0.00000057
trial0016798, SHVR, 10.5, 6, 1.75, 0.17, 0.00000662, 0.00000064, ZIC, 411.5, 34, 12.10, 0.44, 0.00000802, 0.00000054
trial0016799, SHVR, 0.0, 6, 0.00, 0.00, 0.00000629, 0.00000060, ZIC, 417.0, 34, 12.26, 0.59, 0.00000809, 0.00000055
trial0016800, SHVR, 24.0, 6, 4.00, 0.17, 0.00000568, 0.00000055, ZIC, 579.0, 34, 17.03, 0.68, 0.00000826, 0.00000056
trial0016801, SHVR, 0.0, 6, 0.00, 0.00, 0.00000609, 0.00000059, ZIC, 271.0, 34, 7.97, 0.29, 0.00000811, 0.00000054
trial0016802, SHVR, 0.0, 6, 0.00, 0.00, 0.00000664, 0.00000067, ZIC, 169.0, 34, 4.97, 0.24, 0.00000782, 0.00000053
trial0016803, SHVR, 0.0, 6, 0.00, 0.00, 0.00000664, 0.00000069, ZIC, 587.0, 34, 17.26, 0.76, 0.00000802, 0.00000059
trial0016804, SHVR, 107.5, 6, 17.92, 0.83, 0.00000629, 0.00000065, ZIC, 281.5, 34, 8.28, 0.38, 0.00000775, 0.00000055
trial0016805, SHVR, 0.0, 6, 0.00, 0.00, 0.00000572, 0.00000059, ZIC, 232.0, 34, 6.82, 0.35, 0.00000821, 0.00000056
trial0016806, SHVR, 27.5, 6, 4.58, 0.17, 0.00000565, 0.00000062, ZIC, 403.5, 34, 11.87, 0.44, 0.00000831, 0.00000058
trial0016807, SHVR, 7.5, 6, 1.25, 0.17, 0.00000588, 0.00000058, ZIC, 532.5, 34, 15.66, 0.68, 0.00000817, 0.00000057
trial0016808, SHVR, 0.0, 6, 0.00, 0.00, 0.00000577, 0.00000057, ZIC, 404.0, 34, 11.88, 0.47, 0.00000835, 0.00000058
trial0016809, SHVR, 0.0, 6, 0.00, 0.00, 0.00000578, 0.00000061, ZIC, 514.0, 34, 15.12, 0.82, 0.00000840, 0.00000059
trial0016810, SHVR, 29.5, 6, 4.92, 0.17, 0.00000603, 0.00000061, ZIC, 309.5, 34, 9.10, 0.44, 0.00000856, 0.00000059
trial0016811, SHVR, 21.5, 6, 3.58, 0.33, 0.00000642, 0.00000070, ZIC, 415.5, 34, 12.22, 0.53, 0.00000819, 0.00000056
trial0016812, SHVR, 31.0, 6, 5.17, 0.17, 0.00000559, 0.00000054, ZIC, 353.0, 34, 10.38, 0.50, 0.00000813, 0.00000058
trial0016813, SHVR, 0.0, 6, 0.00, 0.00, 0.00000616, 0.00000057, ZIC, 431.0, 34, 12.68, 0.59, 0.00000855, 0.00000060
trial0016814, SHVR, 0.0, 6, 0.00, 0.00, 0.00000552, 0.00000057, ZIC, 481.0, 34, 14.15, 0.53, 0.00000799, 0.00000057
trial0016815, SHVR, 0.0, 6, 0.00, 0.00, 0.00000547, 0.00000052, ZIC, 265.0, 34, 7.79, 0.29, 0.00000801, 0.00000054
trial0016816, SHVR, 0.0, 6, 0.00, 0.00, 0.00000533, 0.00000055, ZIC, 529.0, 34, 15.56, 0.71, 0.00000791, 0.00000054
trial0016817, SHVR, 3.5, 6, 0.58, 0.17, 0.00000536, 0.00000055, ZIC, 667.5, 34, 19.63, 0.85, 0.00000816, 0.00000054
trial0016818, SHVR, 10.0, 6, 1.67, 0.17, 0.00000559, 0.00000059, ZIC, 409.0, 34, 12.03, 0.44, 0.00000813, 0.00000055
trial0016819, SHVR, 72.0, 6, 12.00, 0.33, 0.00000569, 0.00000051, ZIC, 398.0, 34, 11.71, 0.59, 0.00000790, 0.00000057
trial0016820, SHVR, 0.0, 6, 0.00, 0.00, 0.00000563, 0.00000059, ZIC, 304.0, 34, 8.94, 0.41, 0.00000820, 0.00000056
trial0016821, SHVR, 44.0, 6, 7.33, 0.33, 0.00000562, 0.00000054, ZIC, 397.0, 34, 11.68, 0.59, 0.00000781, 0.00000053
trial0016822, SHVR, 0.0, 6, 0.00, 0.00, 0.00000565, 0.00000053, ZIC, 452.0, 34, 13.29, 0.53, 0.00000815, 0.00000055
trial0016823, SHVR, 0.0, 6, 0.00, 0.00, 0.00000530, 0.00000054, ZIC, 340.0, 34, 10.00, 0.41, 0.00000803, 0.00000055
trial0016824, SHVR, 50.0, 6, 8.33, 0.33, 0.00000553, 0.00000054, ZIC, 431.0, 34, 12.68, 0.53, 0.00000809, 0.00000052
trial0016825, SHVR, 0.0, 6, 0.00, 0.00, 0.00000537, 0.00000057, ZIC, 361.0, 34, 10.62, 0.47, 0.00000819, 0.00000057
trial0016826, SHVR, 53.0, 6, 8.83, 0.33, 0.00000633, 0.00000064, ZIC, 328.0, 34, 9.65, 0.41, 0.00000783, 0.00000054
trial0016827, SHVR, 35.0, 6, 5.83, 0.17, 0.00000624, 0.00000063, ZIC, 270.0, 34, 7.94, 0.44, 0.00000780, 0.00000053
trial0016828, SHVR, 43.5, 6, 7.25, 0.33, 0.00000559, 0.00000056, ZIC, 279.5, 34, 8.22, 0.35, 0.00000791, 0.00000054
trial0016829, SHVR, 9.5, 6, 1.58, 0.17, 0.00000563, 0.00000056, ZIC, 415.5, 34, 12.22, 0.56, 0.00000816, 0.00000056
trial0016830, SHVR, 0.0, 6, 0.00, 0.00, 0.00000673, 0.00000065, ZIC, 248.0, 34, 7.29, 0.35, 0.00000784, 0.00000051
trial0016831, SHVR, 0.0, 6, 0.00, 0.00, 0.00000593, 0.00000071, ZIC, 673.0, 34, 19.79, 0.76, 0.00000844, 0.00000056
trial0016832, SHVR, 0.0, 6, 0.00, 0.00, 0.00000558, 0.00000058, ZIC, 351.0, 34, 10.32, 0.53, 0.00000784, 0.00000055
trial0016833, SHVR, 0.0, 6, 0.00, 0.00, 0.00000559, 0.00000053, ZIC, 353.0, 34, 10.38, 0.53, 0.00000820, 0.00000056
trial0016834, SHVR, 45.0, 6, 7.50, 0.33, 0.00000591, 0.00000055, ZIC, 436.0, 34, 12.82, 0.53, 0.00000796, 0.00000055
trial0016835, SHVR, 8.0, 6, 1.33, 0.33, 0.00000589, 0.00000056, ZIC, 382.0, 34, 11.24, 0.47, 0.00000848, 0.00000058
trial0016836, SHVR, 20.5, 6, 3.42, 0.17, 0.00000550, 0.00000053, ZIC, 533.5, 34, 15.69, 0.74, 0.00000805, 0.00000054
trial0016837, SHVR, 0.0, 6, 0.00, 0.00, 0.00000548, 0.00000054, ZIC, 223.0, 34, 6.56, 0.29, 0.00000822, 0.00000056
trial0016838, SHVR, 28.5, 6, 4.75, 0.17, 0.00000608, 0.00000056, ZIC, 457.5, 34, 13.46, 0.56, 0.00000796, 0.00000055
trial0016839, SHVR, 0.0, 6, 0.00, 0.00, 0.00000549, 0.00000059, ZIC, 92.0, 34, 2.71, 0.18, 0.00000818, 0.00000057
trial0016840, SHVR, 0.0, 6, 0.00, 0.00, 0.00000552, 0.00000056, ZIC, 287.0, 34, 8.44, 0.47, 0.00000813, 0.00000055
trial0016841, SHVR, 0.0, 6, 0.00, 0.00, 0.00000649, 0.00000069, ZIC, 494.0, 34, 14.53, 0.59, 0.00000826, 0.00000056
trial0016842, SHVR, 0.0, 6, 0.00, 0.00, 0.00000619, 0.00000061, ZIC, 252.0, 34, 7.41, 0.29, 0.00000789, 0.00000056
trial0016843, SHVR, 0.0, 6, 0.00, 0.00, 0.00000570, 0.00000060, ZIC, 352.0, 34, 10.35, 0.47, 0.00000838, 0.00000060
trial0016844, SHVR, 0.0, 6, 0.00, 0.00, 0.00000656, 0.00000068, ZIC, 271.0, 34, 7.97, 0.29, 0.00000766, 0.00000053
trial0016845, SHVR, 0.0, 6, 0.00, 0.00, 0.00000575, 0.00000057, ZIC, 384.0, 34, 11.29, 0.53, 0.00000842, 0.00000060
trial0016846, SHVR, 0.0, 6, 0.00, 0.00, 0.00000633, 0.00000064, ZIC, 592.0, 34, 17.41, 0.65, 0.00000830, 0.00000057
trial0016847, SHVR, 31.0, 6, 5.17, 0.33, 0.00000608, 0.00000059, ZIC, 435.0, 34, 12.79, 0.53, 0.00000841, 0.00000057
trial0016848, SHVR, 34.5, 6, 5.75, 0.17, 0.00000660, 0.00000068, ZIC, 419.5, 34, 12.34, 0.56, 0.00000867, 0.00000060
trial0016849, SHVR, 0.0, 6, 0.00, 0.00, 0.00000605, 0.00000060, ZIC, 306.0, 34, 9.00, 0.35, 0.00000854, 0.00000058
trial0016850, SHVR, 0.0, 6, 0.00, 0.00, 0.00000579, 0.00000061, ZIC, 437.0, 34, 12.85, 0.59, 0.00000888, 0.00000063
trial0016851, SHVR, 0.0, 6, 0.00, 0.00, 0.00000680, 0.00000065, ZIC, 372.0, 34, 10.94, 0.41, 0.00000818, 0.00000059
trial0016852, SHVR, 61.5, 6, 10.25, 0.17, 0.00000572, 0.00000057, ZIC, 136.5, 34, 4.01, 0.21, 0.00000843, 0.00000057
trial0016853, SHVR, 0.0, 6, 0.00, 0.00, 0.00000552, 0.00000055, ZIC, 362.0, 34, 10.65, 0.47, 0.00000811, 0.00000056
trial0016854, SHVR, 0.5, 6, 0.08, 0.17, 0.00000581, 0.00000056, ZIC, 320.5, 34, 9.43, 0.44, 0.00000830, 0.00000059
trial0016855, SHVR, 0.0, 6, 0.00, 0.00, 0.00000569, 0.00000055, ZIC, 349.0, 34, 10.26, 0.47, 0.00000804, 0.00000055
trial0016856, SHVR, 0.0, 6, 0.00, 0.00, 0.00000599, 0.00000058, ZIC, 454.0, 34, 13.35, 0.53, 0.00000840, 0.00000058
trial0016857, SHVR, 0.0, 6, 0.00, 0.00, 0.00000633, 0.00000061, ZIC, 531.0, 34, 15.62, 0.59, 0.00000785, 0.00000053
trial0016858, SHVR, 0.0, 6, 0.00, 0.00, 0.00000582, 0.00000060, ZIC, 226.0, 34, 6.65, 0.29, 0.00000849, 0.00000060
trial0016859, SHVR, 0.0, 6, 0.00, 0.00, 0.00000643, 0.00000070, ZIC, 253.0, 34, 7.44, 0.47, 0.00000824, 0.00000056
trial0016860, SHVR, 0.0, 6, 0.00, 0.00, 0.00000572, 0.00000057, ZIC, 324.0, 34, 9.53, 0.41, 0.00000822, 0.00000058
trial0016861, SHVR, 0.0, 6, 0.00, 0.00, 0.00000625, 0.00000064, ZIC, 451.0, 34, 13.26, 0.59, 0.00000788, 0.00000054
trial0016862, SHVR, 0.0, 6, 0.00, 0.00, 0.00000650, 0.00000066, ZIC, 290.0, 34, 8.53, 0.41, 0.00000816, 0.00000055
trial0016863, SHVR, 0.0, 6, 0.00, 0.00, 0.00000583, 0.00000055, ZIC, 291.0, 34, 8.56, 0.47, 0.00000822, 0.00000056
trial0016864, SHVR, 0.0, 6, 0.00, 0.00, 0.00000556, 0.00000057, ZIC, 640.0, 34, 18.82, 0.76, 0.00000843, 0.00000057
trial0016865, SHVR, 7.0, 6, 1.17, 0.17, 0.00000588, 0.00000059, ZIC, 326.0, 34, 9.59, 0.38, 0.00000871, 0.00000059
trial0016866, SHVR, 0.0, 6, 0.00, 0.00, 0.00000554, 0.00000057, ZIC, 372.0, 34, 10.94, 0.47, 0.00000810, 0.00000053
trial0016867, SHVR, 0.0, 6, 0.00, 0.00, 0.00000568, 0.00000064, ZIC, 596.0, 34, 17.53, 0.76, 0.00000839, 0.00000067
trial0016868, SHVR, 0.0, 6, 0.00, 0.00, 0.00000558, 0.00000064, ZIC, 443.0, 34, 13.03, 0.53, 0.00000808, 0.00000057
trial0016869, SHVR, 6.5, 6, 1.08, 0.17, 0.00000664, 0.00000061, ZIC, 214.5, 34, 6.31, 0.32, 0.00000823, 0.00000057
trial0016870, SHVR, 0.0, 6, 0.00, 0.00, 0.00000749, 0.00000076, ZIC, 389.0, 34, 11.44, 0.47, 0.00000807, 0.00000056
trial0016871, SHVR, 0.0, 6, 0.00, 0.00, 0.00000567, 0.00000056, ZIC, 319.0, 34, 9.38, 0.47, 0.00000819, 0.00000056
trial0016872, SHVR, 28.0, 6, 4.67, 0.33, 0.00000618, 0.00000072, ZIC, 300.0, 34, 8.82, 0.41, 0.00000823, 0.00000057
trial0016873, SHVR, 25.5, 6, 4.25, 0.17, 0.00000602, 0.00000062, ZIC, 313.5, 34, 9.22, 0.44, 0.00000856, 0.00000062
trial0016874, SHVR, 0.0, 6, 0.00, 0.00, 0.00000658, 0.00000067, ZIC, 344.0, 34, 10.12, 0.47, 0.00000802, 0.00000055
trial0016875, SHVR, 0.0, 6, 0.00, 0.00, 0.00000584, 0.00000058, ZIC, 692.0, 34, 20.35, 0.82, 0.00000850, 0.00000059
trial0016876, SHVR, 27.0, 6, 4.50, 0.17, 0.00000561, 0.00000057, ZIC, 678.0, 34, 19.94, 0.91, 0.00000824, 0.00000057
trial0016877, SHVR, 0.0, 6, 0.00, 0.00, 0.00000599, 0.00000058, ZIC, 583.0, 34, 17.15, 0.71, 0.00000796, 0.00000055
trial0016878, SHVR, 0.0, 6, 0.00, 0.00, 0.00000772, 0.00000077, ZIC, 472.0, 34, 13.88, 0.59, 0.00000845, 0.00000057
trial0016879, SHVR, 12.5, 6, 2.08, 0.17, 0.00000580, 0.00000061, ZIC, 493.5, 34, 14.51, 0.74, 0.00000858, 0.00000060
trial0016880, SHVR, 15.5, 6, 2.58, 0.17, 0.00000733, 0.00000072, ZIC, 398.5, 34, 11.72, 0.50, 0.00000827, 0.00000057
trial0016881, SHVR, 22.5, 6, 3.75, 0.17, 0.00000716, 0.00000069, ZIC, 485.5, 34, 14.28, 0.74, 0.00000823, 0.00000056
trial0016882, SHVR, 0.0, 6, 0.00, 0.00, 0.00000589, 0.00000059, ZIC, 313.0, 34, 9.21, 0.35, 0.00000826, 0.00000055
trial0016883, SHVR, 21.0, 6, 3.50, 0.17, 0.00000584, 0.00000063, ZIC, 188.0, 34, 5.53, 0.26, 0.00000855, 0.00000059
trial0016884, SHVR, 0.0, 6, 0.00, 0.00, 0.00000687, 0.00000071, ZIC, 312.0, 34, 9.18, 0.41, 0.00000820, 0.00000057
trial0016885, SHVR, 37.5, 6, 6.25, 0.33, 0.00000579, 0.00000062, ZIC, 564.5, 34, 16.60, 0.59, 0.00000849, 0.00000059
trial0016886, SHVR, 7.0, 6, 1.17, 0.17, 0.00000591, 0.00000063, ZIC, 255.0, 34, 7.50, 0.38, 0.00000825, 0.00000059
trial0016887, SHVR, 54.5, 6, 9.08, 0.33, 0.00000606, 0.00000062, ZIC, 248.5, 34, 7.31, 0.35, 0.00000828, 0.00000059
trial0016888, SHVR, 93.0, 6, 15.50, 0.50, 0.00000563, 0.00000060, ZIC, 365.0, 34, 10.74, 0.62, 0.00000832, 0.00000055
trial0016889, SHVR, 0.0, 6, 0.00, 0.00, 0.00000640, 0.00000069, ZIC, 267.0, 34, 7.85, 0.29, 0.00000845, 0.00000058
trial0016890, SHVR, 0.0, 6, 0.00, 0.00, 0.00000575, 0.00000055, ZIC, 175.0, 34, 5.15, 0.24, 0.00000828, 0.00000058
trial0016891, SHVR, 0.0, 6, 0.00, 0.00, 0.00000723, 0.00000069, ZIC, 506.0, 34, 14.88, 0.65, 0.00000828, 0.00000057
trial0016892, SHVR, 0.0, 6, 0.00, 0.00, 0.00000583, 0.00000058, ZIC, 462.0, 34, 13.59, 0.65, 0.00000846, 0.00000061
trial0016893, SHVR, 0.0, 6, 0.00, 0.00, 0.00000588, 0.00000063, ZIC, 498.0, 34, 14.65, 0.65, 0.00000864, 0.00000061
trial0016894, SHVR, 53.5, 6, 8.92, 0.50, 0.00000582, 0.00000060, ZIC, 381.5, 34, 11.22, 0.44, 0.00000887, 0.00000060
trial0016895, SHVR, 0.0, 6, 0.00, 0.00, 0.00000578, 0.00000059, ZIC, 420.0, 34, 12.35, 0.65, 0.00000854, 0.00000059
trial0016896, SHVR, 0.0, 6, 0.00, 0.00, 0.00000610, 0.00000064, ZIC, 404.0, 34, 11.88, 0.47, 0.00000808, 0.00000055
trial0016897, SHVR, 0.0, 6, 0.00, 0.00, 0.00000649, 0.00000065, ZIC, 447.0, 34, 13.15, 0.53, 0.00000831, 0.00000056
trial0016898, SHVR, 3.0, 6, 0.50, 0.17, 0.00000596, 0.00000058, ZIC, 332.0, 34, 9.76, 0.50, 0.00000854, 0.00000061
trial0016899, SHVR, 0.0, 6, 0.00, 0.00, 0.00000575, 0.00000064, ZIC, 506.0, 34, 14.88, 0.71, 0.00000862, 0.00000061
trial0016900, SHVR, 0.0, 6, 0.00, 0.00, 0.00000571, 0.00000060, ZIC, 663.0, 34, 19.50, 0.76, 0.00000825, 0.00000061
trial0016901, SHVR, 0.0, 6, 0.00, 0.00, 0.00000633, 0.00000067, ZIC, 625.0, 34, 18.38, 0.53, 0.00000822, 0.00000057
trial0016902, SHVR, 0.0, 6, 0.00, 0.00, 0.00000575, 0.00000057, ZIC, 576.0, 34, 16.94, 0.53, 0.00000837, 0.00000060
trial0016903, SHVR, 0.0, 6, 0.00, 0.00, 0.00000585, 0.00000056, ZIC, 539.0, 34, 15.85, 0.47, 0.00000855, 0.00000058
trial0016904, SHVR, 0.0, 6, 0.00, 0.00, 0.00000578, 0.00000057, ZIC, 1018.0, 34, 29.94, 0.88, 0.00000873, 0.00000062
trial0016905, SHVR, 5.0, 6, 0.83, 0.17, 0.00000690, 0.00000065, ZIC, 885.0, 34, 26.03, 0.91, 0.00000803, 0.00000055
trial0016906, SHVR, 43.0, 6, 7.17, 0.17, 0.00000573, 0.00000059, ZIC, 789.0, 34, 23.21, 0.79, 0.00000838, 0.00000058
trial0016907, SHVR, 0.0, 6, 0.00, 0.00, 0.00000571, 0.00000059, ZIC, 1095.0, 34, 32.21, 0.94, 0.00000838, 0.00000058
trial0016908, SHVR, 0.0, 6, 0.00, 0.00, 0.00000633, 0.00000061, ZIC, 642.0, 34, 18.88, 0.59, 0.00000824, 0.00000059
trial0016909, SHVR, 34.5, 6, 5.75, 0.17, 0.00000673, 0.00000066, ZIC, 982.5, 34, 28.90, 0.91, 0.00000833, 0.00000059
trial0016910, SHVR, 39.5, 6, 6.58, 0.33, 0.00000708, 0.00000074, ZIC, 949.5, 34, 27.93, 0.82, 0.00000830, 0.00000056
trial0016911, SHVR, 0.0, 6, 0.00, 0.00, 0.00000587, 0.00000055, ZIC, 849.0, 34, 24.97, 0.82, 0.00000842, 0.00000059
trial0016912, SHVR, 47.5, 6, 7.92, 0.17, 0.00000549, 0.00000056, ZIC, 825.5, 34, 24.28, 0.79, 0.00000810, 0.00000056
trial0016913, SHVR, 0.0, 6, 0.00, 0.00, 0.00000552, 0.00000056, ZIC, 795.0, 34, 23.38, 0.76, 0.00000831, 0.00000057
trial0016914, SHVR, 0.0, 6, 0.00, 0.00, 0.00000582, 0.00000059, ZIC, 772.0, 34, 22.71, 0.65, 0.00000835, 0.00000058
trial0016915, SHVR, 15.5, 6, 2.58, 0.17, 0.00000620, 0.00000062, ZIC, 1116.5, 34, 32.84, 0.91, 0.00000801, 0.00000055
trial0016916, SHVR, 0.0, 6, 0.00, 0.00, 0.00000644, 0.00000063, ZIC, 757.0, 34, 22.26, 0.71, 0.00000796, 0.00000054
trial0016917, SHVR, 0.0, 6, 0.00, 0.00, 0.00000576, 0.00000063, ZIC, 945.0, 34, 27.79, 0.94, 0.00000835, 0.00000056
trial0016918, SHVR, 0.0, 6, 0.00, 0.00, 0.00000628, 0.00000063, ZIC, 805.0, 34, 23.68, 0.76, 0.00000807, 0.00000055
trial0016919, SHVR, 0.0, 6, 0.00, 0.00, 0.00000583, 0.00000059, ZIC, 546.0, 34, 16.06, 0.47, 0.00000839, 0.00000058
trial0016920, SHVR, 41.0, 6, 6.83, 0.33, 0.00000698, 0.00000070, ZIC, 934.0, 34, 27.47, 0.88, 0.00000776, 0.00000053
trial0016921, SHVR, 0.0, 6, 0.00, 0.00, 0.00000585, 0.00000053, ZIC, 865.0, 34, 25.44, 0.76, 0.00000795, 0.00000057
trial0016922, SHVR, 0.0, 6, 0.00, 0.00, 0.00000558, 0.00000062, ZIC, 892.0, 34, 26.24, 0.76, 0.00000824, 0.00000058
trial0016923, SHVR, 72.0, 6, 12.00, 0.33, 0.00000536, 0.00000054, ZIC, 727.0, 34, 21.38, 0.65, 0.00000808, 0.00000057
trial0016924, SHVR, 0.0, 6, 0.00, 0.00, 0.00000618, 0.00000061, ZIC, 1060.0, 34, 31.18, 0.94, 0.00000772, 0.00000052
trial0016925, SHVR, 0.0, 6, 0.00, 0.00, 0.00000574, 0.00000066, ZIC, 843.0, 34, 24.79, 0.76, 0.00000844, 0.00000057
trial0016926, SHVR, 7.0, 6, 1.17, 0.17, 0.00000572, 0.00000057, ZIC, 496.0, 34, 14.59, 0.50, 0.00000837, 0.00000058
trial0016927, SHVR, 0.0, 6, 0.00, 0.00, 0.00000647, 0.00000062, ZIC, 887.0, 34, 26.09, 0.71, 0.00000810, 0.00000057
trial0016928, SHVR, 76.0, 6, 12.67, 0.17, 0.00000538, 0.00000057, ZIC, 774.0, 34, 22.76, 0.68, 0.00000816, 0.00000057
trial0016929, SHVR, 0.0, 6, 0.00, 0.00, 0.00000575, 0.00000058, ZIC, 616.0, 34, 18.12, 0.59, 0.00000840, 0.00000057
trial0016930, SHVR, 0.0, 6, 0.00, 0.00, 0.00000579, 0.00000055, ZIC, 1152.0, 34, 33.88, 1.00, 0.00000841, 0.00000057
trial0016931, SHVR, 0.0, 6, 0.00, 0.00, 0.00000711, 0.00000072, ZIC, 859.0, 34, 25.26, 0.88, 0.00000784, 0.00000055
trial0016932, SHVR, 0.0, 6, 0.00, 0.00, 0.00000564, 0.00000059, ZIC, 619.0, 34, 18.21, 0.65, 0.00000817, 0.00000054
trial0016933, SHVR, 0.0, 6, 0.00, 0.00, 0.00000608, 0.00000059, ZIC, 741.0, 34, 21.79, 0.65, 0.00000853, 0.00000060
trial0016934, SHVR, 0.0, 6, 0.00, 0.00, 0.00000557, 0.00000056, ZIC, 776.0, 34, 22.82, 0.76, 0.00000848, 0.00000057
trial0016935, SHVR, 0.0, 6, 0.00, 0.00, 0.00000558, 0.00000059, ZIC, 1229.0, 34, 36.15, 0.94, 0.00000819, 0.00000055
trial0016936, SHVR, 0.0, 6, 0.00, 0.00, 0.00000570, 0.00000051, ZIC, 1034.0, 34, 30.41, 1.00, 0.00000808, 0.00000056
trial0016937, SHVR, 0.0, 6, 0.00, 0.00, 0.00000601, 0.00000060, ZIC, 682.0, 34, 20.06, 0.59, 0.00000862, 0.00000056
trial0016938, SHVR, 0.0, 6, 0.00, 0.00, 0.00000593, 0.00000055, ZIC, 724.0, 34, 21.29, 0.71, 0.00000831, 0.00000059
trial0016939, SHVR, 0.0, 6, 0.00, 0.00, 0.00000634, 0.00000058, ZIC, 688.0, 34, 20.24, 0.65, 0.00000848, 0.00000058
trial0016940, SHVR, 0.0, 6, 0.00, 0.00, 0.00000549, 0.00000057, ZIC, 751.0, 34, 22.09, 0.71, 0.00000814, 0.00000058
trial0016941, SHVR, 89.5, 6, 14.92, 0.33, 0.00000676, 0.00000064, ZIC, 736.5, 34, 21.66, 0.82, 0.00000830, 0.00000057
trial0016942, SHVR, 0.0, 6, 0.00, 0.00, 0.00000588, 0.00000060, ZIC, 754.0, 34, 22.18, 0.59, 0.00000841, 0.00000060
trial0016943, SHVR, 63.0, 6, 10.50, 0.17, 0.00000605, 0.00000065, ZIC, 1067.0, 34, 31.38, 0.97, 0.00000805, 0.00000055
trial0016944, SHVR, 0.0, 6, 0.00, 0.00, 0.00000600, 0.00000057, ZIC, 823.0, 34, 24.21, 0.71, 0.00000826, 0.00000055
trial0016945, SHVR, 0.0, 6, 0.00, 0.00, 0.00000540, 0.00000051, ZIC, 1233.0, 34, 36.26, 1.06, 0.00000788, 0.00000054
trial0016946, SHVR, 27.0, 6, 4.50, 0.17, 0.00000635, 0.00000062, ZIC, 930.0, 34, 27.35, 0.79, 0.00000788, 0.00000053
trial0016947, SHVR, 0.0, 6, 0.00, 0.00, 0.00000574, 0.00000056, ZIC, 610.0, 34, 17.94, 0.65, 0.00000837, 0.00000058
trial0016948, SHVR, 54.5, 6, 9.08, 0.17, 0.00000609, 0.00000056, ZIC, 1098.5, 34, 32.31, 0.85, 0.00000777, 0.00000052
trial0016949, SHVR, 0.0, 6, 0.00, 0.00, 0.00000622, 0.00000058, ZIC, 736.0, 34, 21.65, 0.76, 0.00000784, 0.00000055
trial0016950, SHVR, 43.5, 6, 7.25, 0.33, 0.00000592, 0.00000061, ZIC, 819.5, 34, 24.10, 0.76, 0.00000777, 0.00000050
trial0016951, SHVR, 11.0, 6, 1.83, 0.17, 0.00000652, 0.00000060, ZIC, 810.0, 34, 23.82, 0.79, 0.00000784, 0.00000051
trial0016952, SHVR, 0.0, 6, 0.00, 0.00, 0.00000546, 0.00000055, ZIC, 867.0, 34, 25.50, 0.76, 0.00000796, 0.00000054
trial0016953, SHVR, 97.0, 6, 16.17, 0.50, 0.00000625, 0.00000059, ZIC, 895.0, 34, 26.32, 0.74, 0.00000796, 0.00000055
trial0016954, SHVR, 0.0, 6, 0.00, 0.00, 0.00000536, 0.00000055, ZIC, 925.0, 34, 27.21, 0.88, 0.00000799, 0.00000054
trial0016955, SHVR, 0.0, 6, 0.00, 0.00, 0.00000552, 0.00000054, ZIC, 758.0, 34, 22.29, 0.71, 0.00000802, 0.00000054
trial0016956, SHVR, 0.0, 6, 0.00, 0.00, 0.00000549, 0.00000051, ZIC, 1183.0, 34, 34.79, 1.06, 0.00000786, 0.00000052
trial0016957, SHVR, 0.0, 6, 0.00, 0.00, 0.00000548, 0.00000054, ZIC, 913.0, 34, 26.85, 0.76, 0.00000788, 0.00000056
trial0016958, SHVR, 66.5, 6, 11.08, 0.17, 0.00000545, 0.00000055, ZIC, 942.5, 34, 27.72, 0.91, 0.00000797, 0.00000053
trial0016959, SHVR, 0.0, 6, 0.00, 0.00, 0.00000559, 0.00000054, ZIC, 657.0, 34, 19.32, 0.59, 0.00000786, 0.00000054
trial0016960, SHVR, 0.0, 6, 0.00, 0.00, 0.00000559, 0.00000061, ZIC, 810.0, 34, 23.82, 0.65, 0.00000782, 0.00000054
trial0016961, SHVR, 0.0, 6, 0.00, 0.00, 0.00000624, 0.00000061, ZIC, 840.0, 34, 24.71, 0.71, 0.00000786, 0.00000052
trial0016962, SHVR, 30.25, 6, 5.04, 0.17, 0.00000523, 0.00000054, ZIC, 416.75, 34, 12.26, 0.44, 0.00000757, 0.00000052
trial0016963, SHVR, 50.0, 6, 8.33, 0.17, 0.00000570, 0.00000055, ZIC, 756.0, 34, 22.24, 0.62, 0.00000802, 0.00000054
trial0016964, SHVR, 0.0, 6, 0.00, 0.00, 0.00000552, 0.00000058, ZIC, 1019.0, 34, 29.97, 1.00, 0.00000764, 0.00000053
trial0016965, SHVR, 0.0, 6, 0.00, 0.00, 0.00000539, 0.00000059, ZIC, 659.0, 34, 19.38, 0.59, 0.00000813, 0.00000056
trial0016966, SHVR, 0.0, 6, 0.00, 0.00, 0.00000561, 0.00000054, ZIC, 870.0, 34, 25.59, 0.65, 0.00000805, 0.00000052
trial0016967, SHVR, 1.5, 6, 0.25, 0.17, 0.00000555, 0.00000058, ZIC, 729.5, 34, 21.46, 0.62, 0.00000825, 0.00000056
trial0016968, SHVR, 0.0, 6, 0.00, 0.00, 0.00000634, 0.00000064, ZIC, 809.0, 34, 23.79, 0.76, 0.00000813, 0.00000054
trial0016969, SHVR, 0.0, 6, 0.00, 0.00, 0.00000536, 0.00000053, ZIC, 774.0, 34, 22.76, 0.65, 0.00000802, 0.00000053
trial0016970, SHVR, 57.0, 6, 9.50, 0.50, 0.00000584, 0.00000050, ZIC, 732.0, 34, 21.53, 0.68, 0.00000774, 0.00000052
trial0016971, SHVR, 46.25, 6, 7.71, 0.17, 0.00000546, 0.00000058, ZIC, 955.75, 34, 28.11, 0.74, 0.00000807, 0.00000055
trial0016972, SHVR, 0.0, 6, 0.00, 0.00, 0.00000548, 0.00000052, ZIC, 742.0, 34, 21.82, 0.88, 0.00000790, 0.00000054
trial0016973, SHVR, 9.5, 6, 1.58, 0.17, 0.00000653, 0.00000062, ZIC, 892.5, 34, 26.25, 0.85, 0.00000807, 0.00000054
trial0016974, SHVR, 0.0, 6, 0.00, 0.00, 0.00000573, 0.00000055, ZIC, 546.0, 34, 16.06, 0.53, 0.00000838, 0.00000058
trial0016975, SHVR, 224.5, 6, 37.42, 1.00, 0.00000548, 0.00000052, ZIC, 814.5, 34, 23.96, 0.71, 0.00000796, 0.00000053
trial0016976, SHVR, 6.5, 6, 1.08, 0.17, 0.00000634, 0.00000062, ZIC, 460.5, 34, 13.54, 0.44, 0.00000780, 0.00000054
trial0016977, SHVR, 40.0, 6, 6.67, 0.17, 0.00000653, 0.00000069, ZIC, 744.0, 34, 21.88, 0.62, 0.00000809, 0.00000054
trial0016978, SHVR, 0.0, 6, 0.00, 0.00, 0.00000614, 0.00000059, ZIC, 788.0, 34, 23.18, 0.71, 0.00000795, 0.00000053
trial0016979, SHVR, 0.0, 6, 0.00, 0.00, 0.00000558, 0.00000057, ZIC, 551.0, 34, 16.21, 0.53, 0.00000825, 0.00000057
trial0016980, SHVR, 0.0, 6, 0.00, 0.00, 0.00000565, 0.00000058, ZIC, 840.0, 34, 24.71, 0.71, 0.00000779, 0.00000054
trial0016981, SHVR, 37.0, 6, 6.17, 0.17, 0.00000751, 0.00000075, ZIC, 839.0, 34, 24.68, 0.74, 0.00000800, 0.00000051
trial0016982, SHVR, 22.0, 6, 3.67, 0.17, 0.00000543, 0.00000051, ZIC, 1212.0, 34, 35.65, 1.09, 0.00000799, 0.00000054
trial0016983, SHVR, 0.0, 6, 0.00, 0.00, 0.00000536, 0.00000050, ZIC, 683.0, 34, 20.09, 0.59, 0.00000783, 0.00000051
trial0016984, SHVR, 0.0, 6, 0.00, 0.00, 0.00000588, 0.00000058, ZIC, 829.0, 34, 24.38, 0.76, 0.00000753, 0.00000049
trial0016985, SHVR, 28.5, 6, 4.75, 0.33, 0.00000574, 0.00000054, ZIC, 678.5, 34, 19.96, 0.59, 0.00000765, 0.00000051
trial0016986, SHVR, 0.0, 6, 0.00, 0.00, 0.00000551, 0.00000056, ZIC, 835.0, 34, 24.56, 0.76, 0.00000743, 0.00000050
trial0016987, SHVR, 0.0, 6, 0.00, 0.00, 0.00000560, 0.00000056, ZIC, 700.0, 34, 20.59, 0.65, 0.00000823, 0.00000057
trial0016988, SHVR, 0.0, 6, 0.00, 0.00, 0.00000531, 0.00000053, ZIC, 938.0, 34, 27.59, 0.82, 0.00000814, 0.00000055
trial0016989, SHVR, 0.0, 6, 0.00, 0.00, 0.00000539, 0.00000053, ZIC, 776.0, 34, 22.82, 0.65, 0.00000768, 0.00000052
trial0016990, SHVR, 0.0, 6, 0.00, 0.00, 0.00000595, 0.00000057, ZIC, 581.0, 34, 17.09, 0.59, 0.00000776, 0.00000052
trial0016991, SHVR, 40.5, 6, 6.75, 0.17, 0.00000634, 0.00000062, ZIC, 888.5, 34, 26.13, 0.79, 0.00000759, 0.00000052
trial0016992, SHVR, 61.5, 6, 10.25, 0.33, 0.00000515, 0.00000052, ZIC, 869.5, 34, 25.57, 0.82, 0.00000751, 0.00000053
trial0016993, SHVR, 0.0, 6, 0.00, 0.00, 0.00000547, 0.00000051, ZIC, 549.0, 34, 16.15, 0.53, 0.00000821, 0.00000056
trial0016994, SHVR, 0.0, 6, 0.00, 0.00, 0.00000586, 0.00000062, ZIC, 1067.0, 34, 31.38, 1.00, 0.00000746, 0.00000052
trial0016995, SHVR, 0.0, 6, 0.00, 0.00, 0.00000618, 0.00000063, ZIC, 850.0, 34, 25.00, 0.82, 0.00000753, 0.00000054
trial0016996, SHVR, 0.0, 6, 0.00, 0.00, 0.00000536, 0.00000048, ZIC, 757.0, 34, 22.26, 0.65, 0.00000773, 0.00000050
trial0016997, SHVR, 0.0, 6, 0.00, 0.00, 0.00000539, 0.00000052, ZIC, 470.0, 34, 13.82, 0.53, 0.00000783, 0.00000052
trial0016998, SHVR, 0.0, 6, 0.00, 0.00, 0.00000546, 0.00000054, ZIC, 919.0, 34, 27.03, 0.82, 0.00000798, 0.00000052
trial0016999, SHVR, 0.0, 6, 0.00, 0.00, 0.00000558, 0.00000053, ZIC, 869.0, 34, 25.56, 0.82, 0.00000752, 0.00000050
trial0017000, SHVR, 0.0, 6, 0.00, 0.00, 0.00000623, 0.00000058, ZIC, 784.0, 34, 23.06, 0.65, 0.00000720, 0.00000048
